0 9.0 45.46 5.027 69.393 0.0
0 15.0 44.062 1.862 67.687 0.0
0 18.0 42.633 -0.669 66.428 0.0
0 4.0 43.979 -2.893 64.268 0.0
0 15.0 45.284 -5.573 61.659 0.0
0 18.0 47.204 -6.114 58.827 0.0
0 15.0 48.765 -7.479 56.475 0.0
0 9.0 51.312 -7.034 53.684 0.0
0 15.0 52.478 -6.526 50.137 0.0
0 18.0 54.079 -7.846 47.665 0.0
0 4.0 54.714 -9.363 44.312 0.0
0 15.0 55.245 -12.102 41.739 0.0
0 18.0 54.933 -13.645 38.337 0.0
0 15.0 53.041 -14.913 35.965 0.0
0 9.0 49.609 -15.771 34.308 0.0
0 15.0 48.45 -18.452 31.818 0.0
0 18.0 44.73 -19.63 31.688 0.0
0 4.0 41.736 -19.781 32.724 0.0
0 15.0 37.951 -19.341 31.933 0.0
0 18.0 34.528 -18.181 33.444 0.0
0 15.0 34.199 -15.487 36.255 0.0
0 9.0 31.072 -13.804 37.923 0.0
0 15.0 29.21 -11.428 40.345 0.0
0 18.0 28.853 -8.162 42.158 0.0
0 4.0 28.749 -6.096 44.786 0.0
0 15.0 26.742 -2.861 45.555 0.0
0 18.0 27.264 0.665 46.975 0.0
0 15.0 25.56 4.21 46.939 0.0
0 9.0 24.268 7.168 47.155 0.0
0 15.0 23.447 10.759 45.907 0.0
0 18.0 24.299 14.495 45.531 0.0
0 4.0 25.107 17.516 45.314 0.0
0 15.0 24.63 20.43 42.742 0.0
0 18.0 24.336 24.315 42.451 0.0
0 15.0 24.424 27.007 39.616 0.0
0 9.0 24.352 30.866 38.999 0.0
0 15.0 23.19 32.804 36.329 0.0
0 18.0 24.239 35.514 33.932 0.0
0 4.0 24.863 38.125 32.367 0.0
0 15.0 24.133 40.159 29.295 0.0
0 18.0 24.346 41.641 25.722 0.0
0 15.0 22.938 41.422 22.71 0.0
0 9.0 22.296 43.116 19.886 0.0
0 15.0 19.548 42.396 17.266 0.0
0 18.0 20.292 42.24 13.478 0.0
0 4.0 18.574 45.044 11.409 0.0
0 15.0 17.201 45.34 7.814 0.0
0 18.0 19.034 43.847 4.75 0.0
0 15.0 18.39 41.061 3.502 0.0
0 9.0 19.976 42.06 0.106 0.0
0 15.0 17.928 41.625 -3.141 0.0
0 18.0 20.315 38.805 -4.201 0.0
0 4.0 22.99 37.327 -4.579 0.0
0 15.0 22.416 34.149 -4.759 0.0
0 18.0 25.49 31.877 -5.281 0.0
0 15.0 27.487 30.218 -2.51 0.0
0 9.0 29.202 28.609 -0.517 0.0
0 15.0 29.283 25.956 2.22 0.0
0 18.0 29.069 25.739 6.026 0.0
0 4.0 32.163 25.943 6.809 0.0
0 15.0 33.451 24.119 10.009 0.0
0 18.0 34.534 22.67 12.865 0.0
0 15.0 35.453 19.724 14.242 0.0
0 9.0 37.584 18.104 15.781 0.0
0 15.0 36.717 15.066 18.08 0.0
0 18.0 37.717 13.517 21.501 0.0
0 4.0 37.975 9.862 22.814 0.0
0 15.0 35.671 7.875 25.219 0.0
0 18.0 34.004 4.477 25.898 0.0
0 15.0 31.763 2.445 24.675 0.0
0 9.0 29.051 1.558 27.319 0.0
0 15.0 27.818 -2.078 27.663 0.0
0 18.0 24.67 -4.125 26.801 0.0
0 4.0 21.124 -2.617 27.535 0.0
0 15.0 19.375 0.699 26.607 0.0
0 18.0 18.688 2.909 24.318 0.0
0 15.0 15.087 4.1 25.171 0.0
0 9.0 12.609 4.568 27.022 0.0
0 15.0 10.979 6.442 24.045 0.0
0 18.0 12.626 9.804 22.955 0.0
0 4.0 12.92 11.069 19.561 0.0
0 15.0 15.365 13.551 17.94 0.0
0 18.0 15.938 14.48 15.022 0.0
0 15.0 14.269 14.134 12.177 0.0
0 9.0 11.667 15.092 10.834 0.0
0 15.0 10.333 14.636 7.226 0.0
0 18.0 11.892 14.416 3.704 0.0
0 4.0 13.496 11.602 1.542 0.0
0 15.0 17.148 12.668 1.817 0.0
0 18.0 19.145 9.663 0.358 0.0
0 15.0 20.397 8.633 -2.255 0.0
0 9.0 19.74 9.522 -5.348 0.0
0 15.0 23.453 10.245 -6.186 0.0
0 18.0 26.293 7.815 -5.241 0.0
0 4.0 27.742 5.357 -4.315 0.0
0 15.0 29.466 5.565 -6.862 0.0
0 18.0 32.098 6.14 -9.53 0.0
0 15.0 34.748 4.922 -10.904 0.0
0 9.0 36.922 5.453 -13.08 0.0
0 15.0 37.705 5.231 -16.876 0.0
0 18.0 38.162 5.379 -20.129 0.0
0 4.0 40.557 5.967 -22.059 0.0
0 15.0 40.367 6.618 -25.808 0.0
0 18.0 38.372 9.708 -24.935 0.0
0 15.0 38.003 12.396 -27.691 0.0
0 9.0 39.163 14.704 -29.503 0.0
0 15.0 36.519 15.845 -32.107 0.0
0 18.0 33.755 16.859 -33.53 0.0
0 4.0 32.241 17.966 -35.977 0.0
0 15.0 29.418 15.56 -34.853 0.0
0 18.0 26.299 16.26 -34.519 0.0
0 15.0 23.486 15.09 -35.261 0.0
0 9.0 20.478 13.162 -33.702 0.0
0 15.0 18.649 12.617 -36.369 0.0
0 18.0 17.801 10.019 -34.917 0.0
0 4.0 16.136 12.059 -32.039 0.0
0 15.0 15.95 8.787 -30.007 0.0
0 18.0 14.872 8.929 -27.11 0.0
0 15.0 12.933 12.164 -26.429 0.0
0 9.0 9.233 11.858 -25.387 0.0
0 15.0 7.032 13.801 -27.441 0.0
0 18.0 5.584 11.107 -26.929 0.0
0 4.0 2.483 8.867 -26.884 0.0
0 15.0 3.593 5.671 -28.708 0.0
0 18.0 4.243 2.67 -27.871 0.0
0 15.0 1.083 2.877 -25.607 0.0
0 9.0 -1.139 0.239 -23.662 0.0
0 15.0 -4.235 0.053 -26.06 0.0
0 18.0 -7.165 -2.367 -25.538 0.0
0 4.0 -8.461 -5.041 -26.138 0.0
0 15.0 -6.279 -7.883 -27.587 0.0
0 18.0 -3.919 -8.361 -24.564 0.0
0 15.0 -6.071 -8.672 -21.366 0.0
0 9.0 -6.633 -10.973 -19.022 0.0
0 15.0 -10.185 -9.657 -18.158 0.0
0 18.0 -11.784 -12.225 -20.528 0.0
0 4.0 -13.614 -15.608 -19.957 0.0
0 15.0 -10.977 -17.291 -22.179 0.0
0 18.0 -8.489 -19.352 -20.096 0.0
0 15.0 -8.987999999999998 -22.198 -17.51 0.0
0 9.0 -8.929 -24.804 -15.691 0.0
0 15.0 -7.48 -27.307 -13.115 0.0
0 18.0 -3.926 -28.815 -12.856 0.0
0 4.0 -0.967 -27.299 -14.858 0.0
0 15.0 1.689 -29.346 -16.746 0.0
0 18.0 4.445 -29.083 -19.428 0.0
0 15.0 6.982 -26.612 -20.121 0.0
0 9.0 9.482 -27.449 -22.294 0.0
0 15.0 12.851 -26.23 -21.435 0.0
0 18.0 15.73 -24.474 -21.252 0.0
0 4.0 18.616 -24.136 -22.196 0.0
0 15.0 21.706 -22.693 -22.188 0.0
0 18.0 24.191 -23.738 -24.956 0.0
0 15.0 24.928 -23.627 -28.532 0.0
0 9.0 25.164 -26.485 -30.736 0.0
0 15.0 27.142 -25.089 -33.616 0.0
0 18.0 27.868 -28.818 -34.007 0.0
0 4.0 26.331 -31.17 -36.665 0.0
0 15.0 24.291 -34.436 -36.459 0.0
0 18.0 21.619 -36.016 -36.951 0.0
0 15.0 18.114 -36.554 -38.533 0.0
0 9.0 15.42 -38.708 -36.725 0.0
0 15.0 12.897 -41.235 -38.24 0.0
0 18.0 10.249 -43.156 -36.128 0.0
0 4.0 6.411 -42.96 -35.525 0.0
0 15.0 4.734 -44.542 -32.404 0.0
0 18.0 2.047 -43.632 -29.747 0.0
0 15.0 -0.215 -41.31 -28.719 0.0
0 9.0 -1.475 -39.754 -25.388 0.0
0 15.0 -2.651 -40.64 -21.801 0.0
0 18.0 -1.309 -42.872 -19.002 0.0
0 4.0 -1.399 -46.745 -18.696 0.0
0 15.0 -2.614 -46.332 -15.054 0.0
0 18.0 -4.672 -48.214 -13.525 0.0
0 15.0 -4.918 -50.061 -10.943 0.0
0 9.0 -6.873 -51.647 -9.021 0.0
0 15.0 -9.319 -51.84 -11.19 0.0
0 18.0 -9.777 -52.867 -14.395 0.0
0 4.0 -11.267 -53.492 -17.119 0.0
0 15.0 -13.027 -52.012 -20.314 0.0
0 18.0 -13.784 -50.576 -23.242 0.0
0 15.0 -16.003 -49.207 -25.333 0.0
0 9.0 -17.812 -46.528 -27.52 0.0
0 15.0 -21.38 -48.011 -27.096 0.0
0 18.0 -23.753 -48.329 -24.055 0.0
0 4.0 -24.459 -47.838 -20.828 0.0
0 15.0 -25.483 -46.515 -17.39 0.0
0 18.0 -24.665 -44.401 -14.241 0.0
0 15.0 -24.319 -41.051 -13.946 0.0
0 9.0 -21.995 -39.355 -11.305 0.0
0 15.0 -22.436 -36.718 -8.489 0.0
0 18.0 -19.045 -35.686 -6.821 0.0
0 4.0 -16.928 -32.399 -6.978 0.0
0 15.0 -15.509 -31.289 -3.51 0.0
0 18.0 -12.657 -29.828 -2.027 0.0
0 15.0 -11.39 -26.359 -0.954 0.0
0 9.0 -7.803 -25.906 0.444 0.0
0 15.0 -7.697 -25.007 4.146 0.0
0 18.0 -5.994 -27.414 6.7 0.0
0 4.0 -4.186 -30.607 5.324 0.0
0 15.0 -2.984 -33.784 7.232 0.0
0 18.0 -0.478 -36.717 7.356 0.0
0 15.0 1.308 -39.544 5.323 0.0
0 9.0 3.927 -41.708 5.228 0.0
0 15.0 6.413 -44.57 4.256 0.0
0 18.0 6.087 -45.041 0.403 0.0
0 4.0 8.099999999999998 -47.455 -1.672 0.0
0 15.0 9.586 -50.619 -3.36 0.0
0 18.0 10.502 -52.254 -6.769 0.0
0 15.0 10.409 -51.957 -10.599 0.0
0 9.0 10.865 -53.235 -13.642 0.0
0 15.0 10.411 -54.822 -17.037 0.0
0 18.0 9.912 -53.79 -20.683 0.0
0 4.0 10.204 -54.718 -23.769 0.0
0 15.0 10.072 -54.68 -27.621 0.0
0 18.0 9.323 -52.845 -30.885 0.0
0 15.0 8.57 -50.818 -33.424 0.0
0 9.0 9.856 -50.405 -36.366 0.0
0 15.0 10.265 -48.293 -39.513 0.0
0 18.0 8.859 -47.628 -42.939 0.0
0 4.0 9.283 -44.451 -45.162 0.0
0 15.0 7.633 -43.176 -48.482 0.0
0 18.0 5.239 -40.295 -49.372 0.0
0 15.0 1.542 -39.69 -48.772 0.0
0 9.0 -0.779 -38.506 -51.148 0.0
0 15.0 -2.982 -39.619 -49.141 0.0
0 18.0 -6.744 -38.959 -49.694 0.0
0 4.0 -8.468 -41.855 -51.577 0.0
0 15.0 -11.283 -43.123 -52.665 0.0
0 18.0 -13.131 -45.663 -53.24 0.0
0 15.0 -11.052 -47.133 -54.918 0.0
0 9.0 -7.559999999999999 -46.383 -56.503 0.0
0 15.0 -4.631 -46.99 -54.233 0.0
0 18.0 -2.295 -44.133 -55.461 0.0
0 4.0 1.093 -42.416 -54.541 0.0
0 15.0 3.155 -39.179 -54.056 0.0
0 18.0 3.513 -35.722 -52.311 0.0
0 15.0 3.305 -33.229 -50.08 0.0
0 9.0 3.509 -30.216 -49.28 0.0
0 15.0 2.251 -28.676 -45.916 0.0
0 18.0 1.767 -25.269 -44.039 0.0
0 4.0 0.922 -22.281 -43.512 0.0
0 15.0 -0.414 -21.227 -40.484 0.0
0 18.0 -2.576 -18.206 -39.33 0.0
0 15.0 -5.129 -17.269 -37.471 0.0
0 9.0 -8.82 -16.966 -36.272 0.0
0 15.0 -9.323 -13.32 -35.065 0.0
0 18.0 -12.279 -10.776 -35.021 0.0
0 4.0 -14.799 -9.151 -35.852 0.0
0 15.0 -18.577 -9.575 -35.656 0.0
0 18.0 -21.423 -7.937999999999999 -33.709 0.0
0 15.0 -23.518 -6.47 -31.584 0.0
0 9.0 -26.573 -7.311 -30.474 0.0
0 15.0 -27.932 -6.046 -27.776 0.0
0 18.0 -31.148 -7.477 -26.251 0.0
0 4.0 -33.425 -9.535 -26.15 0.0
0 15.0 -34.035 -12.671 -24.074 0.0
0 18.0 -35.73 -15.641 -25.836 0.0
0 15.0 -37.887 -18.622 -24.659 0.0
0 9.0 -37.879 -22.063 -26.424 0.0
0 15.0 -41.574 -22.758 -27.378 0.0
0 18.0 -40.597 -25.295 -30.143 0.0
0 4.0 -40.048 -27.66 -32.181 0.0
0 15.0 -41.426 -30.338 -34.634 0.0
0 18.0 -39.943 -32.269 -37.642 0.0
0 15.0 -37.443 -33.186 -39.731 0.0
0 9.0 -36.105 -34.827 -42.063 0.0
0 15.0 -33.34 -35.8 -44.58 0.0
0 18.0 -31.195 -35.335 -47.546 0.0
0 4.0 -29.33 -35.322 -50.25 0.0
0 15.0 -27.083 -34.681 -53.381 0.0
0 18.0 -25.996 -32.587 -56.382 0.0
0 15.0 -25.02 -29.216 -57.919 0.0
0 9.0 -24.646 -27.0 -60.161 0.0
0 15.0 -24.489 -23.352 -61.317 0.0
0 18.0 -27.491 -21.186 -62.019 0.0
0 4.0 -27.73 -17.486 -60.952 0.0
0 15.0 -31.08 -15.541 -61.51 0.0
0 18.0 -33.962 -14.458 -60.466 0.0
0 15.0 -35.534 -11.9 -58.708 0.0
0 9.0 -39.224 -11.225 -58.273 0.0
0 15.0 -40.206 -7.487 -58.548 0.0
0 18.0 -39.838 -4.349 -57.595 0.0
0 4.0 -41.211 -1.532 -57.966 0.0
0 15.0 -39.976 1.651 -56.102 0.0
0 18.0 -40.737 3.873 -53.593 0.0
0 15.0 -38.534 6.168 -52.567 0.0
0 9.0 -37.711 9.156 -52.448 0.0
0 15.0 -36.032 10.558 -49.227 0.0
0 18.0 -36.391 14.171 -47.86 0.0
0 4.0 -34.689 14.616 -44.378 0.0
0 15.0 -33.063 17.807 -43.007 0.0
0 18.0 -32.069 19.469 -40.255 0.0
0 15.0 -29.209 21.0 -38.212 0.0
0 9.0 -28.474 22.848 -35.607 0.0
0 15.0 -26.319 23.762 -33.155 0.0
0 18.0 -27.728 26.993 -31.434 0.0
0 4.0 -29.487 29.403 -30.424 0.0
0 15.0 -32.007 31.585 -28.447 0.0
0 18.0 -35.518 31.847 -26.847 0.0
0 15.0 -38.845 29.928 -26.26 0.0
0 9.0 -41.795 28.82 -26.536 0.0
0 15.0 -44.68 26.343 -27.361 0.0
0 18.0 -45.793 23.396 -29.637 0.0
0 4.0 -45.286 19.65 -28.737 0.0
0 15.0 -47.041 16.374 -30.0 0.0
0 18.0 -47.257 13.814 -32.446 0.0
0 15.0 -46.492 10.082 -33.141 0.0
0 9.0 -46.845 7.137 -34.789 0.0
0 15.0 -46.805 4.09 -36.643 0.0
0 18.0 -45.834 0.452 -37.669 0.0
0 4.0 -46.703 -2.524 -39.67 0.0
0 15.0 -47.435 -5.828 -38.84 0.0
0 18.0 -47.476 -9.395 -39.968 0.0
0 15.0 -49.915 -12.016 -38.421 0.0
0 9.0 -51.642 -14.754 -37.815 0.0
0 15.0 -53.486 -17.178 -36.283 0.0
0 18.0 -56.28 -18.494 -33.917 0.0
0 4.0 -58.16 -19.947 -31.862 0.0
0 15.0 -60.621 -20.259 -28.963 0.0
0 18.0 -62.367 -20.54 -25.506 0.0
0 15.0 -63.071 -18.564 -22.91 0.0
0 9.0 -64.879 -17.611 -20.4 0.0
0 15.0 -66.648 -16.852 -16.916 0.0
0 18.0 -65.933 -14.568 -14.585 0.0
0 4.0 -67.132 -12.438 -12.573 0.0
0 15.0 -68.474 -11.145 -9.14 0.0
0 18.0 -68.585 -8.740999999999998 -6.585 0.0
0 15.0 -68.913 -7.258 -3.82 0.0
0 9.0 -67.77 -4.642 -1.191 0.0
0 15.0 -69.992 -3.584 1.801 0.0
0 18.0 -70.037 -1.242 4.029 0.0
0 4.0 -69.219 1.387 6.776 0.0
0 15.0 -70.452 2.137 10.355 0.0
0 18.0 -69.743 4.389 13.042 0.0
0 15.0 -69.014 4.528 16.853 0.0
0 9.0 -65.703 5.074 18.779 0.0
0 15.0 -65.467 4.791 22.669 0.0
0 18.0 -64.263 2.558 25.472 0.0
0 4.0 -64.596 0.282 27.61 0.0
0 15.0 -64.417 -2.795 29.924 0.0
0 18.0 -65.378 -6.264 30.746 0.0
0 15.0 -66.702 -8.692 32.153 0.0
0 9.0 -67.889 -12.077 33.498 0.0
0 15.0 -66.948 -13.214 36.264 0.0
0 18.0 -68.432 -10.243 38.263 0.0
0 4.0 -68.97 -7.644 39.955 0.0
0 15.0 -70.334 -4.062 40.136 0.0
0 18.0 -70.035 -0.3 40.653 0.0
0 15.0 -68.147 2.687 39.167 0.0
0 9.0 -68.332 6.163 40.875 0.0
0 15.0 -66.472 9.569 40.823 0.0
0 18.0 -62.772 10.703 40.604 0.0
0 4.0 -60.111 12.413 40.492 0.0
0 15.0 -57.977 15.264 42.021 0.0
0 18.0 -54.165 15.588 42.569 0.0
0 15.0 -51.576 16.236 44.299 0.0
0 9.0 -47.975 15.933 45.619 0.0
0 15.0 -44.854 14.398 47.241 0.0
0 18.0 -42.318 12.456 47.806 0.0
0 4.0 -39.178 10.244 48.457 0.0
0 15.0 -37.225 7.485 47.6 0.0
0 18.0 -34.642 6.292 44.97 0.0
0 15.0 -32.719 4.413 43.289 0.0
