0.0 3.000000000000000000e+00 2.660300000000000153e+01 -4.893500000000000227e+01 3.091700000000000159e+01 0.000000000000000000e+00
0.0 1.500000000000000000e+01 2.322899999999999920e+01 -5.021099999999999852e+01 3.048600000000000065e+01 0.000000000000000000e+00
0.0 1.900000000000000000e+01 2.226000000000000156e+01 -5.198599999999999710e+01 2.721799999999999997e+01 0.000000000000000000e+00
0.0 1.500000000000000000e+01 1.986199999999999832e+01 -5.481900000000000261e+01 2.613800000000000168e+01 0.000000000000000000e+00
0.0 6.000000000000000000e+00 1.634499999999999886e+01 -5.457399999999999807e+01 2.734600000000000009e+01 0.000000000000000000e+00
0.0 1.200000000000000000e+01 1.381000000000000050e+01 -5.375300000000000011e+01 2.455399999999999849e+01 0.000000000000000000e+00
0.0 6.000000000000000000e+00 1.107900000000000063e+01 -5.116799999999999926e+01 2.520100000000000051e+01 0.000000000000000000e+00
0.0 8.000000000000000000e+00 9.993999999999999773e+00 -4.888600000000000279e+01 2.230499999999999972e+01 0.000000000000000000e+00
0.0 1.800000000000000000e+01 1.003999999999999915e+01 -4.503600000000000136e+01 2.248699999999999832e+01 0.000000000000000000e+00
0.0 1.800000000000000000e+01 6.429999999999999716e+00 -4.371399999999999864e+01 2.196499999999999986e+01 0.000000000000000000e+00
0.0 8.000000000000000000e+00 5.442999999999999616e+00 -4.179299999999999926e+01 1.877100000000000080e+01 0.000000000000000000e+00
0.0 1.800000000000000000e+01 5.421999999999999709e+00 -3.792499999999999716e+01 1.836400000000000077e+01 0.000000000000000000e+00
0.0 1.700000000000000000e+01 2.503000000000000114e+00 -3.664500000000000313e+01 2.051300000000000168e+01 0.000000000000000000e+00
0.0 8.000000000000000000e+00 7.910000000000000364e-01 -3.387700000000000244e+01 1.830799999999999983e+01 0.000000000000000000e+00
0.0 9.000000000000000000e+00 -1.971999999999999975e+00 -3.170100000000000051e+01 1.995299999999999940e+01 0.000000000000000000e+00
0.0 7.000000000000000000e+00 -9.889999999999999902e-01 -2.952499999999999858e+01 2.273699999999999832e+01 0.000000000000000000e+00
0.0 2.000000000000000000e+01 -2.120000000000000107e+00 -2.591799999999999926e+01 2.202299999999999969e+01 0.000000000000000000e+00
0.0 1.800000000000000000e+01 -1.552999999999999936e+00 -2.352100000000000080e+01 2.497700000000000031e+01 0.000000000000000000e+00
0.0 1.800000000000000000e+01 -3.452999999999999847e+00 -2.014399999999999835e+01 2.493100000000000094e+01 0.000000000000000000e+00
0.0 6.000000000000000000e+00 -2.016999999999999904e+00 -1.748100000000000165e+01 2.255000000000000071e+01 0.000000000000000000e+00
0.0 1.500000000000000000e+01 -1.387000000000000011e+00 -1.490499999999999936e+01 2.539600000000000080e+01 0.000000000000000000e+00
0.0 1.600000000000000000e+01 2.318999999999999950e+00 -1.561299999999999955e+01 2.628000000000000114e+01 0.000000000000000000e+00
0.0 1.000000000000000000e+01 5.685999999999999943e+00 -1.538000000000000078e+01 2.435200000000000031e+01 0.000000000000000000e+00
0.0 9.000000000000000000e+00 6.357000000000000206e+00 -1.207199999999999918e+01 2.264199999999999946e+01 0.000000000000000000e+00
0.0 1.500000000000000000e+01 1.017800000000000082e+01 -1.198099999999999987e+01 2.236299999999999955e+01 0.000000000000000000e+00
0.0 1.100000000000000000e+01 1.259500000000000064e+01 -1.151200000000000045e+01 1.938700000000000045e+01 0.000000000000000000e+00
0.0 3.000000000000000000e+00 1.210200000000000031e+01 -1.255199999999999960e+01 1.568599999999999994e+01 0.000000000000000000e+00
0.0 1.800000000000000000e+01 1.393399999999999928e+01 -1.499900000000000055e+01 1.351099999999999923e+01 0.000000000000000000e+00
0.0 3.000000000000000000e+00 1.346599999999999930e+01 -1.478400000000000070e+01 9.688000000000000611e+00 0.000000000000000000e+00
0.0 5.000000000000000000e+00 1.140600000000000058e+01 -1.759700000000000131e+01 8.080999999999999517e+00 0.000000000000000000e+00
0.0 1.000000000000000000e+01 1.399000000000000021e+01 -1.917800000000000082e+01 5.820999999999999730e+00 0.000000000000000000e+00
0.0 2.000000000000000000e+00 1.190000000000000036e+01 -2.192500000000000071e+01 4.169999999999999929e+00 0.000000000000000000e+00
0.0 6.000000000000000000e+00 1.380700000000000038e+01 -2.521000000000000085e+01 4.615999999999999659e+00 0.000000000000000000e+00
0.0 2.000000000000000000e+00 1.488199999999999967e+01 -2.701099999999999923e+01 1.437000000000000055e+00 0.000000000000000000e+00
0.0 1.400000000000000000e+01 1.425399999999999956e+01 -3.077299999999999969e+01 1.671999999999999931e+00 0.000000000000000000e+00
0.0 1.800000000000000000e+01 1.742399999999999949e+01 -3.294100000000000250e+01 1.415999999999999925e+00 0.000000000000000000e+00
0.0 3.000000000000000000e+00 1.714699999999999847e+01 -3.512299999999999756e+01 -1.701000000000000068e+00 0.000000000000000000e+00
0.0 2.000000000000000000e+00 1.914399999999999835e+01 -3.707900000000000063e+01 -3.020999999999999908e+00 0.000000000000000000e+00
0.0 1.500000000000000000e+01 1.945100000000000051e+01 -3.842999999999999972e+01 -6.575000000000000178e+00 0.000000000000000000e+00
0.0 1.900000000000000000e+01 1.664999999999999858e+01 -4.022299999999999898e+01 -8.428000000000000824e+00 0.000000000000000000e+00
0.0 1.800000000000000000e+01 1.518699999999999939e+01 -3.917399999999999949e+01 -1.184399999999999942e+01 0.000000000000000000e+00
0.0 1.400000000000000000e+01 1.137199999999999989e+01 -3.880799999999999983e+01 -1.191399999999999970e+01 0.000000000000000000e+00
0.0 1.200000000000000000e+01 9.553000000000000824e+00 -3.999900000000000233e+01 -1.503200000000000003e+01 0.000000000000000000e+00
0.0 4.000000000000000000e+00 7.052999999999999936e+00 -3.817399999999999949e+01 -1.726999999999999957e+01 0.000000000000000000e+00
0.0 6.000000000000000000e+00 3.255999999999999783e+00 -3.846800000000000352e+01 -1.672200000000000131e+01 0.000000000000000000e+00
0.0 4.000000000000000000e+00 3.043000000000000149e+00 -4.071699999999999875e+01 -1.987999999999999901e+01 0.000000000000000000e+00
0.0 8.000000000000000000e+00 5.517999999999999794e+00 -4.335900000000000176e+01 -1.852100000000000080e+01 0.000000000000000000e+00
0.0 1.100000000000000000e+01 3.427000000000000046e+00 -4.346099999999999852e+01 -1.528200000000000003e+01 0.000000000000000000e+00
0.0 1.000000000000000000e+00 3.800000000000000044e-01 -4.471800000000000352e+01 -1.733999999999999986e+01 0.000000000000000000e+00
0.0 8.000000000000000000e+00 2.108000000000000096e+00 -4.744800000000000040e+01 -1.946399999999999864e+01 0.000000000000000000e+00
0.0 4.000000000000000000e+00 3.517999999999999794e+00 -4.934499999999999886e+01 -1.638899999999999935e+01 0.000000000000000000e+00
0.0 4.000000000000000000e+00 -2.000000000000000042e-02 -5.045300000000000296e+01 -1.519999999999999929e+01 0.000000000000000000e+00
0.0 5.000000000000000000e+00 -2.089999999999999913e-01 -5.326100000000000279e+01 -1.783800000000000097e+01 0.000000000000000000e+00
0.0 2.000000000000000000e+01 1.925999999999999934e+00 -5.649499999999999744e+01 -1.781800000000000139e+01 0.000000000000000000e+00
0.0 5.000000000000000000e+00 1.552999999999999936e+00 -5.825800000000000267e+01 -1.447499999999999964e+01 0.000000000000000000e+00
0.0 8.000000000000000000e+00 -1.366999999999999993e+00 -6.072899999999999920e+01 -1.464300000000000068e+01 0.000000000000000000e+00
0.0 1.200000000000000000e+01 -9.569999999999999618e-01 -6.453400000000000603e+01 -1.524499999999999922e+01 0.000000000000000000e+00
0.0 6.000000000000000000e+00 -8.120000000000000551e-01 -6.712000000000000455e+01 -1.336800000000000033e+01 0.000000000000000000e+00
0.0 1.800000000000000000e+01 -2.430000000000000160e+00 -6.918000000000000682e+01 -1.083900000000000041e+01 0.000000000000000000e+00
0.0 1.200000000000000000e+01 -3.803999999999999826e+00 -7.089400000000000546e+01 -7.604000000000000092e+00 0.000000000000000000e+00
0.0 1.800000000000000000e+01 -4.852999999999999758e+00 -7.391700000000000159e+01 -6.193999999999999950e+00 0.000000000000000000e+00
0.0 8.000000000000000000e+00 -7.096000000000000085e+00 -7.461100000000000421e+01 -3.290999999999999925e+00 0.000000000000000000e+00
0.0 5.000000000000000000e+00 -8.210000000000000853e+00 -7.653100000000000591e+01 -2.059999999999999887e-01 0.000000000000000000e+00
0.0 2.000000000000000000e+00 -1.090600000000000058e+01 -7.647899999999999920e+01 1.913000000000000034e+00 0.000000000000000000e+00
0.0 2.000000000000000000e+00 -1.405899999999999928e+01 -7.656499999999999773e+01 3.444999999999999840e+00 0.000000000000000000e+00
0.0 8.000000000000000000e+00 -1.666400000000000148e+01 -7.677899999999999636e+01 5.700999999999999623e+00 0.000000000000000000e+00
0.0 1.600000000000000000e+01 -1.954500000000000171e+01 -7.582899999999999352e+01 7.562000000000000277e+00 0.000000000000000000e+00
0.0 8.000000000000000000e+00 -2.247200000000000131e+01 -7.394400000000000261e+01 8.157000000000000028e+00 0.000000000000000000e+00
0.0 1.800000000000000000e+01 -2.523199999999999932e+01 -7.351399999999999579e+01 1.097499999999999964e+01 0.000000000000000000e+00
0.0 1.800000000000000000e+01 -2.840800000000000125e+01 -7.280400000000000205e+01 1.222400000000000020e+01 0.000000000000000000e+00
0.0 1.500000000000000000e+01 -3.165800000000000125e+01 -7.240699999999999648e+01 1.427999999999999936e+01 0.000000000000000000e+00
0.0 5.000000000000000000e+00 -3.445199999999999818e+01 -6.983199999999999363e+01 1.520599999999999952e+01 0.000000000000000000e+00
0.0 1.800000000000000000e+01 -3.749199999999999733e+01 -6.902400000000000091e+01 1.631200000000000117e+01 0.000000000000000000e+00
0.0 1.900000000000000000e+01 -4.046800000000000352e+01 -6.696099999999999852e+01 1.786199999999999832e+01 0.000000000000000000e+00
0.0 2.000000000000000000e+00 -4.234400000000000119e+01 -6.497700000000000387e+01 1.962800000000000011e+01 0.000000000000000000e+00
0.0 1.100000000000000000e+01 -4.491599999999999682e+01 -6.293599999999999994e+01 2.067099999999999937e+01 0.000000000000000000e+00
0.0 1.100000000000000000e+01 -4.775999999999999801e+01 -6.059599999999999653e+01 2.087699999999999889e+01 0.000000000000000000e+00
0.0 7.000000000000000000e+00 -4.978300000000000125e+01 -5.835900000000000176e+01 2.216100000000000136e+01 0.000000000000000000e+00
0.0 8.000000000000000000e+00 -5.227499999999999858e+01 -5.553600000000000136e+01 2.340800000000000125e+01 0.000000000000000000e+00
0.0 7.000000000000000000e+00 -5.374000000000000199e+01 -5.282600000000000051e+01 2.496499999999999986e+01 0.000000000000000000e+00
0.0 2.000000000000000000e+00 -5.505899999999999750e+01 -4.967600000000000193e+01 2.701000000000000156e+01 0.000000000000000000e+00
0.0 1.500000000000000000e+01 -5.572899999999999920e+01 -4.645400000000000063e+01 2.798400000000000176e+01 0.000000000000000000e+00
0.0 8.000000000000000000e+00 -5.613100000000000023e+01 -4.376400000000000290e+01 2.990500000000000114e+01 0.000000000000000000e+00
0.0 1.800000000000000000e+01 -5.497699999999999676e+01 -4.040800000000000125e+01 3.171499999999999986e+01 0.000000000000000000e+00
0.0 1.100000000000000000e+01 -5.541899999999999693e+01 -3.761999999999999744e+01 3.448199999999999932e+01 0.000000000000000000e+00
0.0 1.800000000000000000e+01 -5.441100000000000136e+01 -3.577799999999999869e+01 3.713300000000000267e+01 0.000000000000000000e+00
0.0 2.000000000000000000e+00 -5.245100000000000051e+01 -3.429399999999999693e+01 4.017000000000000171e+01 0.000000000000000000e+00
0.0 1.800000000000000000e+01 -5.304800000000000182e+01 -3.145299999999999940e+01 4.274900000000000233e+01 0.000000000000000000e+00
0.0 5.000000000000000000e+00 -5.150000000000000000e+01 -2.813700000000000045e+01 4.394100000000000250e+01 0.000000000000000000e+00
0.0 2.000000000000000000e+00 -4.920600000000000307e+01 -2.688500000000000156e+01 4.670199999999999818e+01 0.000000000000000000e+00
0.0 8.000000000000000000e+00 -4.865599999999999881e+01 -2.305499999999999972e+01 4.700999999999999801e+01 0.000000000000000000e+00
0.0 1.000000000000000000e+01 -4.740400000000000347e+01 -2.035500000000000043e+01 4.931499999999999773e+01 0.000000000000000000e+00
0.0 1.800000000000000000e+01 -4.470900000000000318e+01 -1.753000000000000114e+01 4.937400000000000233e+01 0.000000000000000000e+00
0.0 2.000000000000000000e+00 -4.336999999999999744e+01 -1.497199999999999953e+01 5.190699999999999648e+01 0.000000000000000000e+00
0.0 2.000000000000000000e+00 -4.065500000000000114e+01 -1.382399999999999984e+01 5.438900000000000290e+01 0.000000000000000000e+00
0.0 1.500000000000000000e+01 -3.930199999999999960e+01 -1.023300000000000054e+01 5.487700000000000244e+01 0.000000000000000000e+00
0.0 6.000000000000000000e+00 -3.754699999999999704e+01 -8.342000000000000526e+00 5.774799999999999756e+01 0.000000000000000000e+00
0.0 1.600000000000000000e+01 -3.644200000000000017e+01 -5.206999999999999851e+00 5.754099999999999682e+01 0.000000000000000000e+00
0.0 9.000000000000000000e+00 -3.449000000000000199e+01 -2.850999999999999979e+00 5.991100000000000136e+01 0.000000000000000000e+00
0.0 2.000000000000000000e+00 -3.356799999999999784e+01 2.849999999999999756e-01 5.962800000000000011e+01 0.000000000000000000e+00
0.0 2.000000000000000000e+00 -3.228900000000000148e+01 3.915999999999999925e+00 5.886200000000000188e+01 0.000000000000000000e+00
0.0 1.800000000000000000e+01 -3.184700000000000131e+01 7.027000000000000135e+00 5.871999999999999886e+01 0.000000000000000000e+00
0.0 1.500000000000000000e+01 -3.012699999999999889e+01 1.050699999999999967e+01 5.809799999999999898e+01 0.000000000000000000e+00
0.0 1.800000000000000000e+01 -2.917599999999999838e+01 1.356600000000000072e+01 5.806199999999999761e+01 0.000000000000000000e+00
0.0 8.000000000000000000e+00 -2.704400000000000048e+01 1.655099999999999838e+01 5.681099999999999994e+01 0.000000000000000000e+00
0.0 3.000000000000000000e+00 -2.488700000000000045e+01 1.940800000000000125e+01 5.732699999999999818e+01 0.000000000000000000e+00
0.0 3.000000000000000000e+00 -2.318299999999999983e+01 2.180099999999999838e+01 5.481499999999999773e+01 0.000000000000000000e+00
0.0 6.000000000000000000e+00 -2.028200000000000003e+01 2.360800000000000054e+01 5.329299999999999926e+01 0.000000000000000000e+00
0.0 3.000000000000000000e+00 -1.717899999999999849e+01 2.588400000000000034e+01 5.294400000000000261e+01 0.000000000000000000e+00
0.0 1.500000000000000000e+01 -1.383600000000000030e+01 2.562399999999999878e+01 5.166299999999999670e+01 0.000000000000000000e+00
0.0 1.500000000000000000e+01 -1.041000000000000014e+01 2.670299999999999940e+01 5.212800000000000011e+01 0.000000000000000000e+00
0.0 1.500000000000000000e+01 -6.836000000000000298e+00 2.595200000000000173e+01 5.085399999999999920e+01 0.000000000000000000e+00
0.0 2.000000000000000000e+00 -4.208999999999999631e+00 2.344800000000000040e+01 5.213300000000000267e+01 0.000000000000000000e+00
0.0 2.000000000000000000e+00 -1.689000000000000057e+00 2.139399999999999835e+01 5.004999999999999716e+01 0.000000000000000000e+00
0.0 1.500000000000000000e+01 1.036000000000000032e+00 1.870700000000000074e+01 4.961399999999999721e+01 0.000000000000000000e+00
0.0 1.500000000000000000e+01 1.903999999999999915e+00 1.530799999999999983e+01 4.935699999999999932e+01 0.000000000000000000e+00
0.0 1.100000000000000000e+01 3.379000000000000004e+00 1.350200000000000067e+01 4.626299999999999812e+01 0.000000000000000000e+00
0.0 6.000000000000000000e+00 3.576000000000000068e+00 9.906000000000000583e+00 4.502799999999999869e+01 0.000000000000000000e+00
0.0 3.000000000000000000e+00 5.222999999999999865e+00 1.029199999999999982e+01 4.154500000000000171e+01 0.000000000000000000e+00
0.0 2.000000000000000000e+00 6.315000000000000391e+00 6.975999999999999979e+00 4.000699999999999790e+01 0.000000000000000000e+00
0.0 5.000000000000000000e+00 9.523999999999999133e+00 7.684999999999999609e+00 3.797999999999999687e+01 0.000000000000000000e+00
0.0 6.000000000000000000e+00 9.092000000000000526e+00 6.653999999999999915e+00 3.433500000000000085e+01 0.000000000000000000e+00
0.0 1.500000000000000000e+01 1.227299999999999969e+01 5.022999999999999687e+00 3.292999999999999972e+01 0.000000000000000000e+00
0.0 3.000000000000000000e+00 1.485100000000000087e+01 7.293000000000000149e+00 3.115200000000000102e+01 0.000000000000000000e+00
0.0 3.000000000000000000e+00 1.431000000000000050e+01 4.850999999999999979e+00 2.818199999999999861e+01 0.000000000000000000e+00
0.0 1.200000000000000000e+01 1.049300000000000033e+01 5.450999999999999623e+00 2.805900000000000105e+01 0.000000000000000000e+00
0.0 1.200000000000000000e+01 1.106700000000000017e+01 9.227999999999999758e+00 2.832499999999999929e+01 0.000000000000000000e+00
0.0 1.100000000000000000e+01 1.360599999999999987e+01 9.092999999999999972e+00 2.541499999999999915e+01 0.000000000000000000e+00
0.0 1.100000000000000000e+01 1.106700000000000017e+01 7.033000000000000362e+00 2.334400000000000119e+01 0.000000000000000000e+00
0.0 6.000000000000000000e+00 8.298000000000000043e+00 9.606999999999999318e+00 2.408800000000000097e+01 0.000000000000000000e+00
0.0 4.000000000000000000e+00 1.068399999999999928e+01 1.249799999999999933e+01 2.312900000000000134e+01 0.000000000000000000e+00
0.0 6.000000000000000000e+00 1.153999999999999915e+01 1.062500000000000000e+01 1.986799999999999855e+01 0.000000000000000000e+00
0.0 6.000000000000000000e+00 7.815000000000000391e+00 1.006600000000000072e+01 1.902599999999999980e+01 0.000000000000000000e+00
0.0 1.600000000000000000e+01 7.190999999999999837e+00 1.380599999999999916e+01 1.973999999999999844e+01 0.000000000000000000e+00
0.0 3.000000000000000000e+00 1.002200000000000024e+01 1.476600000000000001e+01 1.727400000000000091e+01 0.000000000000000000e+00
0.0 7.000000000000000000e+00 8.817999999999999616e+00 1.239799999999999969e+01 1.449300000000000033e+01 0.000000000000000000e+00
0.0 1.500000000000000000e+01 5.184999999999999609e+00 1.367999999999999972e+01 1.483099999999999952e+01 0.000000000000000000e+00
0.0 1.200000000000000000e+01 6.383000000000000007e+00 1.735900000000000176e+01 1.482199999999999918e+01 0.000000000000000000e+00
0.0 1.500000000000000000e+01 8.016000000000000014e+00 1.690599999999999881e+01 1.133699999999999974e+01 0.000000000000000000e+00
0.0 2.000000000000000000e+01 4.631000000000000227e+00 1.586100000000000065e+01 9.808999999999999275e+00 0.000000000000000000e+00
0.0 6.000000000000000000e+00 2.661000000000000032e+00 1.866700000000000159e+01 1.158099999999999952e+01 0.000000000000000000e+00
0.0 5.000000000000000000e+00 4.977999999999999758e+00 2.143599999999999994e+01 1.016000000000000014e+01 0.000000000000000000e+00
0.0 1.400000000000000000e+01 4.142999999999999794e+00 2.034199999999999875e+01 6.564000000000000057e+00 0.000000000000000000e+00
0.0 1.400000000000000000e+01 4.010000000000000231e-01 2.114499999999999957e+01 7.056000000000000050e+00 0.000000000000000000e+00
0.0 1.900000000000000000e+01 7.760000000000000231e-01 2.456599999999999895e+01 8.801999999999999602e+00 0.000000000000000000e+00
0.0 5.000000000000000000e+00 3.000999999999999890e+00 2.609199999999999875e+01 6.001999999999999780e+00 0.000000000000000000e+00
0.0 5.000000000000000000e+00 2.000000000000000042e-03 2.720200000000000173e+01 3.787999999999999812e+00 0.000000000000000000e+00
0.0 1.000000000000000000e+01 -1.177999999999999936e+00 3.043299999999999983e+01 5.586999999999999744e+00 0.000000000000000000e+00
0.0 8.000000000000000000e+00 1.479000000000000092e+00 3.306799999999999784e+01 4.685999999999999943e+00 0.000000000000000000e+00
0.0 1.500000000000000000e+01 3.699999999999999956e-01 3.561599999999999966e+01 2.031000000000000139e+00 0.000000000000000000e+00
0.0 1.800000000000000000e+01 2.979000000000000092e+00 3.831700000000000017e+01 1.149000000000000021e+00 0.000000000000000000e+00
0.0 6.000000000000000000e+00 1.901999999999999913e+00 4.187800000000000011e+01 2.047000000000000153e+00 0.000000000000000000e+00
0.0 1.100000000000000000e+01 4.331000000000000405e+00 4.476800000000000068e+01 1.433000000000000052e+00 0.000000000000000000e+00
0.0 1.100000000000000000e+01 4.674999999999999822e+00 4.804699999999999704e+01 3.033999999999999808e+00 0.000000000000000000e+00
0.0 6.000000000000000000e+00 7.312000000000000277e+00 5.009100000000000108e+01 4.934000000000000163e+00 0.000000000000000000e+00
0.0 1.500000000000000000e+01 7.714000000000000412e+00 5.265800000000000125e+01 7.740999999999999659e+00 0.000000000000000000e+00
0.0 6.000000000000000000e+00 1.088499999999999979e+01 5.302600000000000335e+01 9.890000000000000568e+00 0.000000000000000000e+00
0.0 1.800000000000000000e+01 1.227599999999999980e+01 5.343099999999999739e+01 1.329400000000000048e+01 0.000000000000000000e+00
0.0 8.000000000000000000e+00 1.327500000000000036e+01 5.456099999999999994e+01 1.683599999999999852e+01 0.000000000000000000e+00
0.0 6.000000000000000000e+00 1.636599999999999966e+01 5.360600000000000165e+01 1.893799999999999883e+01 0.000000000000000000e+00
0.0 8.000000000000000000e+00 1.831500000000000128e+01 5.339999999999999858e+01 2.234799999999999898e+01 0.000000000000000000e+00
0.0 2.000000000000000000e+00 2.131400000000000006e+01 5.215999999999999659e+01 2.324899999999999878e+01 0.000000000000000000e+00
0.0 6.000000000000000000e+00 2.456200000000000117e+01 5.181799999999999784e+01 2.384499999999999886e+01 0.000000000000000000e+00
0.0 1.900000000000000000e+01 2.831099999999999994e+01 5.119200000000000017e+01 2.284299999999999997e+01 0.000000000000000000e+00
0.0 1.800000000000000000e+01 3.163500000000000156e+01 5.095499999999999829e+01 2.237300000000000111e+01 0.000000000000000000e+00
0.0 1.500000000000000000e+01 3.543999999999999773e+01 5.007699999999999818e+01 2.180199999999999960e+01 0.000000000000000000e+00
0.0 1.900000000000000000e+01 3.793500000000000227e+01 4.968999999999999773e+01 1.977199999999999847e+01 0.000000000000000000e+00
0.0 8.000000000000000000e+00 4.034300000000000352e+01 4.957099999999999795e+01 1.666199999999999903e+01 0.000000000000000000e+00
0.0 2.000000000000000000e+00 4.177499999999999858e+01 4.862700000000000244e+01 1.372100000000000009e+01 0.000000000000000000e+00
0.0 1.000000000000000000e+01 4.307800000000000296e+01 4.903499999999999659e+01 1.062299999999999933e+01 0.000000000000000000e+00
0.0 1.200000000000000000e+01 4.404599999999999937e+01 4.898599999999999710e+01 6.750000000000000000e+00 0.000000000000000000e+00
0.0 2.000000000000000000e+00 4.433299999999999841e+01 4.819500000000000028e+01 3.599000000000000199e+00 0.000000000000000000e+00
0.0 1.800000000000000000e+01 4.283599999999999852e+01 4.819800000000000040e+01 1.200000000000000025e-02 0.000000000000000000e+00
0.0 1.800000000000000000e+01 4.229500000000000171e+01 4.668399999999999750e+01 -3.600000000000000089e+00 0.000000000000000000e+00
0.0 1.000000000000000000e+00 4.267600000000000193e+01 4.706900000000000261e+01 -7.490999999999999659e+00 0.000000000000000000e+00
0.0 6.000000000000000000e+00 4.139800000000000324e+01 4.671999999999999886e+01 -1.058099999999999952e+01 0.000000000000000000e+00
0.0 1.800000000000000000e+01 3.951299999999999812e+01 4.566400000000000148e+01 -1.389100000000000001e+01 0.000000000000000000e+00
0.0 8.000000000000000000e+00 4.006099999999999994e+01 4.563600000000000279e+01 -1.773199999999999932e+01 0.000000000000000000e+00
0.0 3.000000000000000000e+00 3.789099999999999824e+01 4.533200000000000074e+01 -2.093400000000000105e+01 0.000000000000000000e+00
0.0 9.000000000000000000e+00 3.830100000000000193e+01 4.429299999999999926e+01 -2.454899999999999949e+01 0.000000000000000000e+00
0.0 4.000000000000000000e+00 3.616400000000000148e+01 4.587500000000000000e+01 -2.734100000000000108e+01 0.000000000000000000e+00
0.0 2.000000000000000000e+00 3.528999999999999915e+01 4.594299999999999784e+01 -3.109799999999999898e+01 0.000000000000000000e+00
0.0 8.000000000000000000e+00 3.373499999999999943e+01 4.564200000000000301e+01 -3.380199999999999960e+01 0.000000000000000000e+00
0.0 8.000000000000000000e+00 3.084700000000000131e+01 4.595700000000000074e+01 -3.639900000000000091e+01 0.000000000000000000e+00
0.0 7.000000000000000000e+00 2.839099999999999824e+01 4.529099999999999682e+01 -3.850200000000000244e+01 0.000000000000000000e+00
0.0 2.000000000000000000e+00 2.510099999999999909e+01 4.404299999999999926e+01 -4.020600000000000307e+01 0.000000000000000000e+00
0.0 6.000000000000000000e+00 2.160000000000000142e+01 4.576299999999999812e+01 -4.043599999999999994e+01 0.000000000000000000e+00
0.0 2.000000000000000000e+00 1.787900000000000134e+01 4.490800000000000125e+01 -4.046800000000000352e+01 0.000000000000000000e+00
0.0 2.000000000000000000e+00 1.490600000000000058e+01 4.513799999999999812e+01 -3.946699999999999875e+01 0.000000000000000000e+00
0.0 1.600000000000000000e+01 1.126500000000000057e+01 4.611299999999999955e+01 -3.843500000000000227e+01 0.000000000000000000e+00
0.0 1.500000000000000000e+01 9.266000000000000014e+00 4.694500000000000028e+01 -3.521000000000000085e+01 0.000000000000000000e+00
0.0 1.800000000000000000e+01 6.812999999999999723e+00 4.811500000000000199e+01 -3.327300000000000324e+01 0.000000000000000000e+00
0.0 6.000000000000000000e+00 4.753000000000000114e+00 4.890999999999999659e+01 -3.066199999999999903e+01 0.000000000000000000e+00
0.0 1.800000000000000000e+01 3.209999999999999964e+00 4.868800000000000239e+01 -2.708399999999999963e+01 0.000000000000000000e+00
0.0 1.800000000000000000e+01 1.786999999999999922e+00 5.113700000000000045e+01 -2.448499999999999943e+01 0.000000000000000000e+00
0.0 1.200000000000000000e+01 1.377000000000000002e+00 5.202600000000000335e+01 -2.120400000000000063e+01 0.000000000000000000e+00
0.0 4.000000000000000000e+00 -1.519999999999999962e-01 5.375800000000000267e+01 -1.891100000000000136e+01 0.000000000000000000e+00
0.0 8.000000000000000000e+00 -1.959000000000000075e+00 5.435699999999999932e+01 -1.602400000000000091e+01 0.000000000000000000e+00
0.0 8.000000000000000000e+00 -3.459000000000000075e+00 5.461299999999999955e+01 -1.241099999999999959e+01 0.000000000000000000e+00
0.0 1.900000000000000000e+01 -6.652999999999999581e+00 5.574099999999999966e+01 -1.070400000000000063e+01 0.000000000000000000e+00
0.0 1.100000000000000000e+01 -8.673999999999999488e+00 5.543900000000000006e+01 -7.432999999999999829e+00 0.000000000000000000e+00
0.0 5.000000000000000000e+00 -1.231900000000000084e+01 5.497299999999999898e+01 -6.153999999999999915e+00 0.000000000000000000e+00
0.0 8.000000000000000000e+00 -1.560800000000000054e+01 5.520900000000000318e+01 -5.905999999999999694e+00 0.000000000000000000e+00
0.0 5.000000000000000000e+00 -1.887199999999999989e+01 5.337500000000000000e+01 -4.818999999999999950e+00 0.000000000000000000e+00
0.0 1.800000000000000000e+01 -2.233899999999999864e+01 5.348799999999999955e+01 -4.939000000000000057e+00 0.000000000000000000e+00
0.0 1.500000000000000000e+01 -2.515099999999999980e+01 5.105700000000000216e+01 -3.902000000000000135e+00 0.000000000000000000e+00
0.0 4.000000000000000000e+00 -2.892599999999999838e+01 5.090999999999999659e+01 -4.567000000000000171e+00 0.000000000000000000e+00
0.0 1.900000000000000000e+01 -3.170700000000000074e+01 4.826200000000000045e+01 -4.376999999999999780e+00 0.000000000000000000e+00
0.0 1.800000000000000000e+01 -3.526400000000000290e+01 4.798299999999999699e+01 -5.560999999999999943e+00 0.000000000000000000e+00
0.0 1.800000000000000000e+01 -3.774499999999999744e+01 4.631799999999999784e+01 -3.076000000000000068e+00 0.000000000000000000e+00
0.0 5.000000000000000000e+00 -4.030599999999999739e+01 4.347599999999999909e+01 -2.540999999999999925e+00 0.000000000000000000e+00
0.0 7.000000000000000000e+00 -4.382200000000000273e+01 4.309100000000000108e+01 -3.115000000000000213e+00 0.000000000000000000e+00
0.0 1.200000000000000000e+01 -4.626899999999999835e+01 4.011599999999999966e+01 -2.700000000000000178e+00 0.000000000000000000e+00
0.0 2.000000000000000000e+00 -4.862199999999999989e+01 3.782699999999999818e+01 -4.750000000000000000e+00 0.000000000000000000e+00
0.0 4.000000000000000000e+00 -4.980899999999999750e+01 3.413000000000000256e+01 -4.741999999999999993e+00 0.000000000000000000e+00
0.0 1.800000000000000000e+01 -5.114399999999999835e+01 3.172100000000000009e+01 -6.355999999999999872e+00 0.000000000000000000e+00
0.0 8.000000000000000000e+00 -5.243500000000000227e+01 2.889900000000000091e+01 -8.470000000000000639e+00 0.000000000000000000e+00
0.0 1.000000000000000000e+01 -5.360199999999999676e+01 2.639399999999999835e+01 -1.120299999999999940e+01 0.000000000000000000e+00
0.0 1.200000000000000000e+01 -5.231000000000000227e+01 2.397500000000000142e+01 -1.397000000000000064e+01 0.000000000000000000e+00
0.0 1.800000000000000000e+01 -5.219200000000000017e+01 2.216400000000000148e+01 -1.669099999999999895e+01 0.000000000000000000e+00
0.0 4.000000000000000000e+00 -5.040100000000000335e+01 1.994300000000000139e+01 -1.931200000000000117e+01 0.000000000000000000e+00
0.0 1.800000000000000000e+01 -4.951299999999999812e+01 1.998600000000000065e+01 -2.295100000000000051e+01 0.000000000000000000e+00
0.0 6.000000000000000000e+00 -4.949900000000000233e+01 1.963500000000000156e+01 -2.679799999999999827e+01 0.000000000000000000e+00
0.0 3.000000000000000000e+00 -4.689399999999999835e+01 1.919999999999999929e+01 -2.964999999999999858e+01 0.000000000000000000e+00
0.0 7.000000000000000000e+00 -4.617600000000000193e+01 2.100199999999999889e+01 -3.283299999999999841e+01 0.000000000000000000e+00
0.0 4.000000000000000000e+00 -4.371200000000000330e+01 2.047800000000000153e+01 -3.578600000000000136e+01 0.000000000000000000e+00
0.0 1.300000000000000000e+01 -4.215999999999999659e+01 2.285300000000000153e+01 -3.839099999999999824e+01 0.000000000000000000e+00
0.0 3.000000000000000000e+00 -4.116599999999999682e+01 2.190500000000000114e+01 -4.199399999999999977e+01 0.000000000000000000e+00
0.0 2.000000000000000000e+00 -3.875399999999999778e+01 2.200300000000000011e+01 -4.410399999999999920e+01 0.000000000000000000e+00
0.0 3.000000000000000000e+00 -3.725699999999999790e+01 2.207000000000000028e+01 -4.770300000000000296e+01 0.000000000000000000e+00
0.0 5.000000000000000000e+00 -3.686500000000000199e+01 1.961499999999999844e+01 -5.069599999999999795e+01 0.000000000000000000e+00
0.0 1.800000000000000000e+01 -3.553699999999999903e+01 1.798100000000000165e+01 -5.320700000000000074e+01 0.000000000000000000e+00
0.0 5.000000000000000000e+00 -3.388799999999999812e+01 1.605199999999999960e+01 -5.600000000000000000e+01 0.000000000000000000e+00
0.0 1.500000000000000000e+01 -3.451800000000000068e+01 1.238499999999999979e+01 -5.695400000000000063e+01 0.000000000000000000e+00
0.0 1.200000000000000000e+01 -3.359300000000000352e+01 9.483000000000000540e+00 -5.935000000000000142e+01 0.000000000000000000e+00
0.0 1.200000000000000000e+01 -3.392799999999999727e+01 6.270999999999999908e+00 -5.977400000000000091e+01 0.000000000000000000e+00
0.0 8.000000000000000000e+00 -3.490500000000000114e+01 2.490000000000000213e+00 -5.958800000000000097e+01 0.000000000000000000e+00
0.0 1.700000000000000000e+01 -3.554899999999999949e+01 -5.170000000000000151e-01 -5.844899999999999807e+01 0.000000000000000000e+00
0.0 1.800000000000000000e+01 -3.644800000000000040e+01 -3.470000000000000195e+00 -5.626100000000000279e+01 0.000000000000000000e+00
0.0 8.000000000000000000e+00 -3.709799999999999898e+01 -7.136000000000000121e+00 -5.505100000000000193e+01 0.000000000000000000e+00
0.0 1.500000000000000000e+01 -3.792600000000000193e+01 -8.906000000000000583e+00 -5.258899999999999864e+01 0.000000000000000000e+00
0.0 1.200000000000000000e+01 -3.947800000000000153e+01 -9.787000000000000810e+00 -4.915400000000000347e+01 0.000000000000000000e+00
0.0 1.800000000000000000e+01 -4.011800000000000210e+01 -1.278700000000000081e+01 -4.729899999999999949e+01 0.000000000000000000e+00
0.0 1.200000000000000000e+01 -4.186999999999999744e+01 -1.319500000000000028e+01 -4.394800000000000040e+01 0.000000000000000000e+00
0.0 3.000000000000000000e+00 -4.098299999999999699e+01 -1.637900000000000134e+01 -4.192699999999999960e+01 0.000000000000000000e+00
0.0 5.000000000000000000e+00 -4.196600000000000108e+01 -1.752599999999999980e+01 -3.888700000000000045e+01 0.000000000000000000e+00
0.0 1.800000000000000000e+01 -3.984700000000000131e+01 -1.939999999999999858e+01 -3.620199999999999818e+01 0.000000000000000000e+00
0.0 5.000000000000000000e+00 -3.955400000000000205e+01 -2.328699999999999903e+01 -3.590299999999999869e+01 0.000000000000000000e+00
0.0 1.800000000000000000e+01 -3.729500000000000171e+01 -2.559400000000000119e+01 -3.414399999999999835e+01 0.000000000000000000e+00
0.0 1.500000000000000000e+01 -3.553999999999999915e+01 -2.869200000000000017e+01 -3.263199999999999790e+01 0.000000000000000000e+00
0.0 6.000000000000000000e+00 -3.356900000000000261e+01 -3.096300000000000097e+01 -3.137699999999999889e+01 0.000000000000000000e+00
0.0 3.000000000000000000e+00 -3.216499999999999915e+01 -3.279899999999999949e+01 -2.874500000000000099e+01 0.000000000000000000e+00
0.0 1.800000000000000000e+01 -3.288700000000000045e+01 -3.355599999999999739e+01 -2.565299999999999869e+01 0.000000000000000000e+00
0.0 1.500000000000000000e+01 -3.417999999999999972e+01 -3.386599999999999966e+01 -2.198799999999999955e+01 0.000000000000000000e+00
0.0 1.000000000000000000e+01 -3.555199999999999960e+01 -3.283899999999999864e+01 -1.911400000000000077e+01 0.000000000000000000e+00
0.0 1.000000000000000000e+01 -3.830599999999999739e+01 -3.074500000000000099e+01 -1.806700000000000017e+01 0.000000000000000000e+00
0.0 6.000000000000000000e+00 -4.014099999999999824e+01 -2.892599999999999838e+01 -1.615099999999999980e+01 0.000000000000000000e+00
0.0 8.000000000000000000e+00 -4.129899999999999949e+01 -2.527599999999999980e+01 -1.578200000000000003e+01 0.000000000000000000e+00
0.0 1.000000000000000000e+01 -4.474199999999999733e+01 -2.426999999999999957e+01 -1.430499999999999972e+01 0.000000000000000000e+00
0.0 3.000000000000000000e+00 -4.613000000000000256e+01 -2.068499999999999872e+01 -1.395299999999999940e+01 0.000000000000000000e+00
0.0 2.000000000000000000e+00 -4.921999999999999886e+01 -1.903900000000000148e+01 -1.242300000000000004e+01 0.000000000000000000e+00
0.0 1.500000000000000000e+01 -5.103000000000000114e+01 -1.723400000000000176e+01 -1.027699999999999925e+01 0.000000000000000000e+00
0.0 1.000000000000000000e+01 -5.453300000000000125e+01 -1.628399999999999892e+01 -8.914999999999999147e+00 0.000000000000000000e+00
0.0 1.500000000000000000e+01 -5.607000000000000028e+01 -1.618499999999999872e+01 -5.597000000000000419e+00 0.000000000000000000e+00
0.0 6.000000000000000000e+00 -5.860999999999999943e+01 -1.745499999999999829e+01 -3.077999999999999847e+00 0.000000000000000000e+00
0.0 1.500000000000000000e+01 -5.984499999999999886e+01 -1.988500000000000156e+01 -3.439999999999999725e-01 0.000000000000000000e+00
0.0 8.000000000000000000e+00 -6.092699999999999960e+01 -2.259299999999999997e+01 9.080000000000000293e-01 0.000000000000000000e+00
0.0 1.200000000000000000e+01 -6.047500000000000142e+01 -2.559900000000000020e+01 3.326000000000000068e+00 0.000000000000000000e+00
0.0 2.000000000000000000e+00 -6.086200000000000188e+01 -2.939399999999999835e+01 2.714999999999999858e+00 0.000000000000000000e+00
0.0 4.000000000000000000e+00 -5.895100000000000051e+01 -3.240200000000000102e+01 4.211999999999999744e+00 0.000000000000000000e+00
0.0 1.100000000000000000e+01 -5.828199999999999648e+01 -3.607800000000000296e+01 3.730999999999999872e+00 0.000000000000000000e+00
0.0 1.700000000000000000e+01 -5.598599999999999710e+01 -3.893200000000000216e+01 2.415999999999999925e+00 0.000000000000000000e+00
0.0 1.800000000000000000e+01 -5.490299999999999869e+01 -4.200000000000000000e+01 1.875999999999999890e+00 0.000000000000000000e+00
0.0 4.000000000000000000e+00 -5.371999999999999886e+01 -4.500699999999999790e+01 6.370000000000000107e-01 0.000000000000000000e+00
0.0 6.000000000000000000e+00 -5.145900000000000318e+01 -4.767799999999999727e+01 -1.070000000000000062e+00 0.000000000000000000e+00
0.0 1.200000000000000000e+01 -4.919500000000000028e+01 -4.907999999999999829e+01 -2.936999999999999833e+00 0.000000000000000000e+00
0.0 7.000000000000000000e+00 -4.531700000000000017e+01 -4.944200000000000017e+01 -2.741000000000000103e+00 0.000000000000000000e+00
0.0 1.800000000000000000e+01 -4.218699999999999761e+01 -4.979099999999999682e+01 -3.323999999999999844e+00 0.000000000000000000e+00
0.0 1.400000000000000000e+01 -3.880299999999999727e+01 -4.831099999999999994e+01 -4.182000000000000384e+00 0.000000000000000000e+00
0.0 1.200000000000000000e+01 -3.689500000000000313e+01 -4.710000000000000142e+01 -1.078999999999999959e+00 0.000000000000000000e+00
0.0 1.100000000000000000e+01 -3.481499999999999773e+01 -4.389800000000000324e+01 -5.400000000000000355e-01 0.000000000000000000e+00
0.0 1.500000000000000000e+01 -3.135300000000000153e+01 -4.290500000000000114e+01 5.600000000000000533e-01 0.000000000000000000e+00
0.0 6.000000000000000000e+00 -3.077899999999999991e+01 -3.934899999999999665e+01 1.915999999999999925e+00 0.000000000000000000e+00
