0.0 9.000000000000000000e+00 4.546000000000000085e+01 5.027000000000000135e+00 6.939300000000000068e+01 0.000000000000000000e+00
0.0 1.500000000000000000e+01 4.406199999999999761e+01 1.862000000000000099e+00 6.768699999999999761e+01 0.000000000000000000e+00
0.0 1.800000000000000000e+01 4.263300000000000267e+01 -6.690000000000000391e-01 6.642799999999999727e+01 0.000000000000000000e+00
0.0 4.000000000000000000e+00 4.397899999999999920e+01 -2.892999999999999794e+00 6.426800000000000068e+01 0.000000000000000000e+00
0.0 2.100000000000000000e+01 4.528399999999999892e+01 -5.573000000000000398e+00 6.165899999999999892e+01 0.000000000000000000e+00
0.0 1.800000000000000000e+01 4.720400000000000063e+01 -6.113999999999999879e+00 5.882699999999999818e+01 0.000000000000000000e+00
0.0 1.500000000000000000e+01 4.876500000000000057e+01 -7.479000000000000092e+00 5.647500000000000142e+01 0.000000000000000000e+00
0.0 9.000000000000000000e+00 5.131199999999999761e+01 -7.033999999999999808e+00 5.368399999999999750e+01 0.000000000000000000e+00
0.0 1.500000000000000000e+01 5.247800000000000153e+01 -6.525999999999999801e+00 5.013700000000000045e+01 0.000000000000000000e+00
0.0 1.800000000000000000e+01 5.407900000000000063e+01 -7.846000000000000085e+00 4.766499999999999915e+01 0.000000000000000000e+00
0.0 4.000000000000000000e+00 5.471399999999999864e+01 -9.362999999999999545e+00 4.431199999999999761e+01 0.000000000000000000e+00
0.0 2.100000000000000000e+01 5.524499999999999744e+01 -1.210200000000000031e+01 4.173899999999999721e+01 0.000000000000000000e+00
0.0 1.800000000000000000e+01 5.493299999999999983e+01 -1.364499999999999957e+01 3.833700000000000330e+01 0.000000000000000000e+00
0.0 1.500000000000000000e+01 5.304099999999999682e+01 -1.491300000000000026e+01 3.596500000000000341e+01 0.000000000000000000e+00
0.0 9.000000000000000000e+00 4.960900000000000176e+01 -1.577100000000000080e+01 3.430799999999999983e+01 0.000000000000000000e+00
0.0 1.500000000000000000e+01 4.845000000000000284e+01 -1.845200000000000173e+01 3.181800000000000139e+01 0.000000000000000000e+00
0.0 1.800000000000000000e+01 4.472999999999999687e+01 -1.962999999999999901e+01 3.168799999999999883e+01 0.000000000000000000e+00
0.0 4.000000000000000000e+00 4.173599999999999710e+01 -1.978099999999999881e+01 3.272399999999999665e+01 0.000000000000000000e+00
0.0 2.100000000000000000e+01 3.795100000000000051e+01 -1.934100000000000108e+01 3.193299999999999983e+01 0.000000000000000000e+00
0.0 1.800000000000000000e+01 3.452799999999999869e+01 -1.818100000000000094e+01 3.344400000000000261e+01 0.000000000000000000e+00
0.0 1.500000000000000000e+01 3.419899999999999807e+01 -1.548700000000000010e+01 3.625500000000000256e+01 0.000000000000000000e+00
0.0 9.000000000000000000e+00 3.107199999999999918e+01 -1.380400000000000027e+01 3.792300000000000182e+01 0.000000000000000000e+00
0.0 1.500000000000000000e+01 2.921000000000000085e+01 -1.142800000000000082e+01 4.034499999999999886e+01 0.000000000000000000e+00
0.0 1.800000000000000000e+01 2.885300000000000153e+01 -8.162000000000000810e+00 4.215800000000000125e+01 0.000000000000000000e+00
0.0 4.000000000000000000e+00 2.874899999999999878e+01 -6.096000000000000085e+00 4.478600000000000136e+01 0.000000000000000000e+00
0.0 2.100000000000000000e+01 2.674200000000000088e+01 -2.861000000000000210e+00 4.555499999999999972e+01 0.000000000000000000e+00
0.0 1.800000000000000000e+01 2.726399999999999935e+01 6.650000000000000355e-01 4.697500000000000142e+01 0.000000000000000000e+00
0.0 1.500000000000000000e+01 2.555999999999999872e+01 4.209999999999999964e+00 4.693900000000000006e+01 0.000000000000000000e+00
0.0 9.000000000000000000e+00 2.426800000000000068e+01 7.168000000000000149e+00 4.715500000000000114e+01 0.000000000000000000e+00
0.0 1.500000000000000000e+01 2.344699999999999918e+01 1.075900000000000034e+01 4.590699999999999648e+01 0.000000000000000000e+00
0.0 1.800000000000000000e+01 2.429899999999999949e+01 1.449499999999999922e+01 4.553099999999999881e+01 0.000000000000000000e+00
0.0 4.000000000000000000e+00 2.510699999999999932e+01 1.751599999999999824e+01 4.531400000000000006e+01 0.000000000000000000e+00
0.0 2.100000000000000000e+01 2.462999999999999901e+01 2.042999999999999972e+01 4.274199999999999733e+01 0.000000000000000000e+00
0.0 1.800000000000000000e+01 2.433599999999999852e+01 2.431500000000000128e+01 4.245100000000000051e+01 0.000000000000000000e+00
0.0 1.500000000000000000e+01 2.442399999999999949e+01 2.700700000000000145e+01 3.961599999999999966e+01 0.000000000000000000e+00
0.0 9.000000000000000000e+00 2.435200000000000031e+01 3.086599999999999966e+01 3.899900000000000233e+01 0.000000000000000000e+00
0.0 1.500000000000000000e+01 2.319000000000000128e+01 3.280400000000000205e+01 3.632900000000000063e+01 0.000000000000000000e+00
0.0 1.800000000000000000e+01 2.423900000000000077e+01 3.551400000000000290e+01 3.393200000000000216e+01 0.000000000000000000e+00
0.0 4.000000000000000000e+00 2.486299999999999955e+01 3.812500000000000000e+01 3.236699999999999733e+01 0.000000000000000000e+00
0.0 2.100000000000000000e+01 2.413299999999999912e+01 4.015899999999999892e+01 2.929500000000000171e+01 0.000000000000000000e+00
0.0 1.800000000000000000e+01 2.434600000000000009e+01 4.164099999999999824e+01 2.572200000000000131e+01 0.000000000000000000e+00
0.0 1.500000000000000000e+01 2.293799999999999883e+01 4.142199999999999704e+01 2.271000000000000085e+01 0.000000000000000000e+00
0.0 9.000000000000000000e+00 2.229599999999999937e+01 4.311599999999999966e+01 1.988599999999999923e+01 0.000000000000000000e+00
0.0 1.500000000000000000e+01 1.954799999999999827e+01 4.239600000000000080e+01 1.726599999999999824e+01 0.000000000000000000e+00
0.0 1.800000000000000000e+01 2.029200000000000159e+01 4.224000000000000199e+01 1.347799999999999976e+01 0.000000000000000000e+00
0.0 4.000000000000000000e+00 1.857400000000000162e+01 4.504399999999999693e+01 1.140900000000000070e+01 0.000000000000000000e+00
0.0 2.100000000000000000e+01 1.720100000000000051e+01 4.534000000000000341e+01 7.814000000000000057e+00 0.000000000000000000e+00
0.0 1.800000000000000000e+01 1.903399999999999892e+01 4.384700000000000131e+01 4.750000000000000000e+00 0.000000000000000000e+00
0.0 1.500000000000000000e+01 1.839000000000000057e+01 4.106099999999999994e+01 3.501999999999999780e+00 0.000000000000000000e+00
0.0 9.000000000000000000e+00 1.997599999999999909e+01 4.206000000000000227e+01 1.059999999999999970e-01 0.000000000000000000e+00
0.0 1.500000000000000000e+01 1.792800000000000082e+01 4.162500000000000000e+01 -3.141000000000000014e+00 0.000000000000000000e+00
0.0 1.800000000000000000e+01 2.031500000000000128e+01 3.880499999999999972e+01 -4.200999999999999623e+00 0.000000000000000000e+00
0.0 4.000000000000000000e+00 2.298999999999999844e+01 3.732699999999999818e+01 -4.578999999999999737e+00 0.000000000000000000e+00
0.0 2.100000000000000000e+01 2.241600000000000037e+01 3.414900000000000091e+01 -4.759000000000000341e+00 0.000000000000000000e+00
0.0 1.800000000000000000e+01 2.548999999999999844e+01 3.187699999999999889e+01 -5.280999999999999694e+00 0.000000000000000000e+00
0.0 1.500000000000000000e+01 2.748699999999999832e+01 3.021799999999999997e+01 -2.509999999999999787e+00 0.000000000000000000e+00
0.0 9.000000000000000000e+00 2.920200000000000173e+01 2.860900000000000176e+01 -5.170000000000000151e-01 0.000000000000000000e+00
0.0 1.500000000000000000e+01 2.928300000000000125e+01 2.595599999999999952e+01 2.220000000000000195e+00 0.000000000000000000e+00
0.0 1.800000000000000000e+01 2.906899999999999906e+01 2.573900000000000077e+01 6.025999999999999801e+00 0.000000000000000000e+00
0.0 4.000000000000000000e+00 3.216299999999999670e+01 2.594300000000000139e+01 6.809000000000000163e+00 0.000000000000000000e+00
0.0 2.100000000000000000e+01 3.345100000000000051e+01 2.411899999999999977e+01 1.000900000000000034e+01 0.000000000000000000e+00
0.0 1.800000000000000000e+01 3.453399999999999892e+01 2.267000000000000171e+01 1.286500000000000021e+01 0.000000000000000000e+00
0.0 1.500000000000000000e+01 3.545300000000000296e+01 1.972400000000000020e+01 1.424200000000000088e+01 0.000000000000000000e+00
0.0 9.000000000000000000e+00 3.758400000000000318e+01 1.810399999999999920e+01 1.578100000000000058e+01 0.000000000000000000e+00
0.0 1.500000000000000000e+01 3.671699999999999875e+01 1.506600000000000072e+01 1.807999999999999829e+01 0.000000000000000000e+00
0.0 1.800000000000000000e+01 3.771699999999999875e+01 1.351699999999999946e+01 2.150100000000000122e+01 0.000000000000000000e+00
0.0 4.000000000000000000e+00 3.797500000000000142e+01 9.862000000000000099e+00 2.281400000000000006e+01 0.000000000000000000e+00
0.0 2.100000000000000000e+01 3.567099999999999937e+01 7.875000000000000000e+00 2.521900000000000119e+01 0.000000000000000000e+00
0.0 1.800000000000000000e+01 3.400399999999999778e+01 4.477000000000000313e+00 2.589799999999999969e+01 0.000000000000000000e+00
0.0 1.500000000000000000e+01 3.176300000000000168e+01 2.444999999999999840e+00 2.467500000000000071e+01 0.000000000000000000e+00
0.0 9.000000000000000000e+00 2.905099999999999838e+01 1.558000000000000052e+00 2.731899999999999906e+01 0.000000000000000000e+00
0.0 1.500000000000000000e+01 2.781800000000000139e+01 -2.077999999999999847e+00 2.766300000000000026e+01 0.000000000000000000e+00
0.0 1.800000000000000000e+01 2.467000000000000171e+01 -4.125000000000000000e+00 2.680099999999999838e+01 0.000000000000000000e+00
0.0 4.000000000000000000e+00 2.112399999999999878e+01 -2.616999999999999993e+00 2.753500000000000014e+01 0.000000000000000000e+00
0.0 2.100000000000000000e+01 1.937500000000000000e+01 6.989999999999999547e-01 2.660699999999999932e+01 0.000000000000000000e+00
0.0 1.800000000000000000e+01 1.868799999999999883e+01 2.908999999999999808e+00 2.431800000000000139e+01 0.000000000000000000e+00
0.0 1.500000000000000000e+01 1.508699999999999974e+01 4.099999999999999645e+00 2.517099999999999937e+01 0.000000000000000000e+00
0.0 9.000000000000000000e+00 1.260899999999999999e+01 4.567999999999999616e+00 2.702199999999999847e+01 0.000000000000000000e+00
0.0 1.500000000000000000e+01 1.097899999999999920e+01 6.442000000000000171e+00 2.404500000000000171e+01 0.000000000000000000e+00
0.0 1.800000000000000000e+01 1.262599999999999945e+01 9.804000000000000270e+00 2.295499999999999829e+01 0.000000000000000000e+00
0.0 4.000000000000000000e+00 1.291999999999999993e+01 1.106900000000000084e+01 1.956099999999999994e+01 0.000000000000000000e+00
0.0 2.100000000000000000e+01 1.536500000000000021e+01 1.355100000000000016e+01 1.794000000000000128e+01 0.000000000000000000e+00
0.0 1.800000000000000000e+01 1.593800000000000061e+01 1.448000000000000043e+01 1.502200000000000024e+01 0.000000000000000000e+00
0.0 1.500000000000000000e+01 1.426900000000000013e+01 1.413400000000000034e+01 1.217699999999999960e+01 0.000000000000000000e+00
0.0 9.000000000000000000e+00 1.166699999999999982e+01 1.509200000000000053e+01 1.083399999999999963e+01 0.000000000000000000e+00
0.0 1.500000000000000000e+01 1.033300000000000018e+01 1.463599999999999923e+01 7.225999999999999979e+00 0.000000000000000000e+00
0.0 1.800000000000000000e+01 1.189199999999999946e+01 1.441600000000000037e+01 3.704000000000000181e+00 0.000000000000000000e+00
0.0 4.000000000000000000e+00 1.349600000000000044e+01 1.160200000000000031e+01 1.542000000000000037e+00 0.000000000000000000e+00
0.0 2.100000000000000000e+01 1.714799999999999969e+01 1.266799999999999926e+01 1.816999999999999948e+00 0.000000000000000000e+00
0.0 1.800000000000000000e+01 1.914499999999999957e+01 9.663000000000000256e+00 3.579999999999999849e-01 0.000000000000000000e+00
0.0 1.500000000000000000e+01 2.039699999999999847e+01 8.632999999999999119e+00 -2.254999999999999893e+00 0.000000000000000000e+00
0.0 9.000000000000000000e+00 1.973999999999999844e+01 9.522000000000000242e+00 -5.347999999999999865e+00 0.000000000000000000e+00
0.0 1.500000000000000000e+01 2.345299999999999940e+01 1.024499999999999922e+01 -6.185999999999999943e+00 0.000000000000000000e+00
0.0 1.800000000000000000e+01 2.629299999999999926e+01 7.815000000000000391e+00 -5.240999999999999659e+00 0.000000000000000000e+00
0.0 4.000000000000000000e+00 2.774200000000000088e+01 5.357000000000000206e+00 -4.315000000000000391e+00 0.000000000000000000e+00
0.0 2.100000000000000000e+01 2.946600000000000108e+01 5.565000000000000391e+00 -6.862000000000000099e+00 0.000000000000000000e+00
0.0 1.800000000000000000e+01 3.209799999999999898e+01 6.139999999999999680e+00 -9.529999999999999361e+00 0.000000000000000000e+00
0.0 1.500000000000000000e+01 3.474799999999999756e+01 4.921999999999999709e+00 -1.090399999999999991e+01 0.000000000000000000e+00
0.0 9.000000000000000000e+00 3.692199999999999704e+01 5.453000000000000291e+00 -1.308000000000000007e+01 0.000000000000000000e+00
0.0 1.500000000000000000e+01 3.770499999999999829e+01 5.230999999999999872e+00 -1.687600000000000122e+01 0.000000000000000000e+00
0.0 1.800000000000000000e+01 3.816199999999999903e+01 5.378999999999999559e+00 -2.012900000000000134e+01 0.000000000000000000e+00
0.0 4.000000000000000000e+00 4.055700000000000216e+01 5.966999999999999638e+00 -2.205900000000000105e+01 0.000000000000000000e+00
0.0 2.100000000000000000e+01 4.036699999999999733e+01 6.618000000000000327e+00 -2.580799999999999983e+01 0.000000000000000000e+00
0.0 1.800000000000000000e+01 3.837199999999999989e+01 9.708000000000000185e+00 -2.493499999999999872e+01 0.000000000000000000e+00
0.0 1.500000000000000000e+01 3.800300000000000011e+01 1.239600000000000080e+01 -2.769099999999999895e+01 0.000000000000000000e+00
0.0 9.000000000000000000e+00 3.916299999999999670e+01 1.470400000000000063e+01 -2.950300000000000011e+01 0.000000000000000000e+00
0.0 1.500000000000000000e+01 3.651899999999999835e+01 1.584500000000000064e+01 -3.210699999999999932e+01 0.000000000000000000e+00
0.0 1.800000000000000000e+01 3.375500000000000256e+01 1.685900000000000176e+01 -3.353000000000000114e+01 0.000000000000000000e+00
0.0 4.000000000000000000e+00 3.224099999999999966e+01 1.796600000000000108e+01 -3.597699999999999676e+01 0.000000000000000000e+00
0.0 2.100000000000000000e+01 2.941799999999999926e+01 1.556000000000000050e+01 -3.485300000000000153e+01 0.000000000000000000e+00
0.0 1.800000000000000000e+01 2.629899999999999949e+01 1.626000000000000156e+01 -3.451899999999999835e+01 0.000000000000000000e+00
0.0 1.500000000000000000e+01 2.348600000000000065e+01 1.508999999999999986e+01 -3.526100000000000279e+01 0.000000000000000000e+00
0.0 9.000000000000000000e+00 2.047800000000000153e+01 1.316200000000000081e+01 -3.370199999999999818e+01 0.000000000000000000e+00
0.0 1.500000000000000000e+01 1.864900000000000091e+01 1.261700000000000088e+01 -3.636899999999999977e+01 0.000000000000000000e+00
0.0 1.800000000000000000e+01 1.780099999999999838e+01 1.001900000000000013e+01 -3.491700000000000159e+01 0.000000000000000000e+00
0.0 4.000000000000000000e+00 1.613599999999999923e+01 1.205899999999999928e+01 -3.203900000000000148e+01 0.000000000000000000e+00
0.0 2.100000000000000000e+01 1.594999999999999929e+01 8.787000000000000810e+00 -3.000700000000000145e+01 0.000000000000000000e+00
0.0 1.800000000000000000e+01 1.487199999999999989e+01 8.929000000000000270e+00 -2.710999999999999943e+01 0.000000000000000000e+00
0.0 1.500000000000000000e+01 1.293299999999999983e+01 1.216399999999999970e+01 -2.642899999999999849e+01 0.000000000000000000e+00
0.0 9.000000000000000000e+00 9.233000000000000540e+00 1.185800000000000054e+01 -2.538700000000000045e+01 0.000000000000000000e+00
0.0 1.500000000000000000e+01 7.032000000000000028e+00 1.380100000000000016e+01 -2.744099999999999895e+01 0.000000000000000000e+00
0.0 1.800000000000000000e+01 5.583999999999999631e+00 1.110699999999999932e+01 -2.692899999999999849e+01 0.000000000000000000e+00
0.0 4.000000000000000000e+00 2.483000000000000096e+00 8.867000000000000881e+00 -2.688400000000000034e+01 0.000000000000000000e+00
0.0 2.100000000000000000e+01 3.592999999999999972e+00 5.671000000000000263e+00 -2.870799999999999841e+01 0.000000000000000000e+00
0.0 1.800000000000000000e+01 4.243000000000000327e+00 2.669999999999999929e+00 -2.787099999999999866e+01 0.000000000000000000e+00
0.0 1.500000000000000000e+01 1.082999999999999963e+00 2.876999999999999780e+00 -2.560699999999999932e+01 0.000000000000000000e+00
0.0 9.000000000000000000e+00 -1.139000000000000012e+00 2.389999999999999902e-01 -2.366199999999999903e+01 0.000000000000000000e+00
0.0 1.500000000000000000e+01 -4.235000000000000320e+00 5.299999999999999850e-02 -2.605999999999999872e+01 0.000000000000000000e+00
0.0 1.800000000000000000e+01 -7.165000000000000036e+00 -2.366999999999999993e+00 -2.553800000000000026e+01 0.000000000000000000e+00
0.0 4.000000000000000000e+00 -8.461000000000000298e+00 -5.041000000000000369e+00 -2.613800000000000168e+01 0.000000000000000000e+00
0.0 2.100000000000000000e+01 -6.278999999999999915e+00 -7.883000000000000007e+00 -2.758699999999999974e+01 0.000000000000000000e+00
0.0 1.800000000000000000e+01 -3.919000000000000039e+00 -8.361000000000000654e+00 -2.456400000000000006e+01 0.000000000000000000e+00
0.0 1.500000000000000000e+01 -6.070999999999999730e+00 -8.672000000000000597e+00 -2.136599999999999966e+01 0.000000000000000000e+00
0.0 9.000000000000000000e+00 -6.633000000000000007e+00 -1.097300000000000075e+01 -1.902199999999999847e+01 0.000000000000000000e+00
0.0 1.500000000000000000e+01 -1.018500000000000050e+01 -9.657000000000000028e+00 -1.815800000000000125e+01 0.000000000000000000e+00
0.0 1.800000000000000000e+01 -1.178400000000000070e+01 -1.222499999999999964e+01 -2.052799999999999869e+01 0.000000000000000000e+00
0.0 4.000000000000000000e+00 -1.361400000000000077e+01 -1.560800000000000054e+01 -1.995700000000000074e+01 0.000000000000000000e+00
0.0 2.100000000000000000e+01 -1.097700000000000031e+01 -1.729100000000000037e+01 -2.217899999999999849e+01 0.000000000000000000e+00
0.0 1.800000000000000000e+01 -8.489000000000000767e+00 -1.935200000000000031e+01 -2.009600000000000009e+01 0.000000000000000000e+00
0.0 1.500000000000000000e+01 -8.987999999999999545e+00 -2.219800000000000040e+01 -1.751000000000000156e+01 0.000000000000000000e+00
0.0 9.000000000000000000e+00 -8.929000000000000270e+00 -2.480399999999999849e+01 -1.569100000000000072e+01 0.000000000000000000e+00
0.0 1.500000000000000000e+01 -7.480000000000000426e+00 -2.730699999999999861e+01 -1.311500000000000021e+01 0.000000000000000000e+00
0.0 1.800000000000000000e+01 -3.926000000000000156e+00 -2.881500000000000128e+01 -1.285599999999999987e+01 0.000000000000000000e+00
0.0 4.000000000000000000e+00 -9.669999999999999707e-01 -2.729899999999999949e+01 -1.485800000000000054e+01 0.000000000000000000e+00
0.0 2.100000000000000000e+01 1.689000000000000057e+00 -2.934600000000000009e+01 -1.674599999999999866e+01 0.000000000000000000e+00
0.0 1.800000000000000000e+01 4.445000000000000284e+00 -2.908299999999999841e+01 -1.942800000000000082e+01 0.000000000000000000e+00
0.0 1.500000000000000000e+01 6.982000000000000206e+00 -2.661199999999999832e+01 -2.012099999999999866e+01 0.000000000000000000e+00
0.0 9.000000000000000000e+00 9.481999999999999318e+00 -2.744900000000000162e+01 -2.229400000000000048e+01 0.000000000000000000e+00
0.0 1.500000000000000000e+01 1.285100000000000087e+01 -2.623000000000000043e+01 -2.143499999999999872e+01 0.000000000000000000e+00
0.0 1.800000000000000000e+01 1.573000000000000043e+01 -2.447400000000000020e+01 -2.125199999999999889e+01 0.000000000000000000e+00
0.0 4.000000000000000000e+00 1.861599999999999966e+01 -2.413599999999999923e+01 -2.219600000000000151e+01 0.000000000000000000e+00
0.0 2.100000000000000000e+01 2.170599999999999952e+01 -2.269300000000000139e+01 -2.218799999999999883e+01 0.000000000000000000e+00
0.0 1.800000000000000000e+01 2.419099999999999895e+01 -2.373799999999999955e+01 -2.495599999999999952e+01 0.000000000000000000e+00
0.0 1.500000000000000000e+01 2.492800000000000082e+01 -2.362699999999999889e+01 -2.853200000000000003e+01 0.000000000000000000e+00
0.0 9.000000000000000000e+00 2.516400000000000148e+01 -2.648499999999999943e+01 -3.073600000000000065e+01 0.000000000000000000e+00
0.0 1.500000000000000000e+01 2.714199999999999946e+01 -2.508899999999999864e+01 -3.361599999999999966e+01 0.000000000000000000e+00
0.0 1.800000000000000000e+01 2.786799999999999855e+01 -2.881800000000000139e+01 -3.400699999999999790e+01 0.000000000000000000e+00
0.0 4.000000000000000000e+00 2.633099999999999952e+01 -3.117000000000000171e+01 -3.666499999999999915e+01 0.000000000000000000e+00
0.0 2.100000000000000000e+01 2.429100000000000037e+01 -3.443599999999999994e+01 -3.645900000000000318e+01 0.000000000000000000e+00
0.0 1.800000000000000000e+01 2.161899999999999977e+01 -3.601599999999999824e+01 -3.695100000000000051e+01 0.000000000000000000e+00
0.0 1.500000000000000000e+01 1.811400000000000077e+01 -3.655400000000000205e+01 -3.853300000000000125e+01 0.000000000000000000e+00
0.0 9.000000000000000000e+00 1.541999999999999993e+01 -3.870799999999999841e+01 -3.672500000000000142e+01 0.000000000000000000e+00
0.0 1.500000000000000000e+01 1.289700000000000024e+01 -4.123499999999999943e+01 -3.824000000000000199e+01 0.000000000000000000e+00
0.0 1.800000000000000000e+01 1.024900000000000055e+01 -4.315599999999999881e+01 -3.612800000000000011e+01 0.000000000000000000e+00
0.0 4.000000000000000000e+00 6.410999999999999588e+00 -4.296000000000000085e+01 -3.552499999999999858e+01 0.000000000000000000e+00
0.0 2.100000000000000000e+01 4.733999999999999986e+00 -4.454200000000000159e+01 -3.240400000000000347e+01 0.000000000000000000e+00
0.0 1.800000000000000000e+01 2.047000000000000153e+00 -4.363199999999999790e+01 -2.974699999999999989e+01 0.000000000000000000e+00
0.0 1.500000000000000000e+01 -2.149999999999999967e-01 -4.131000000000000227e+01 -2.871900000000000119e+01 0.000000000000000000e+00
0.0 9.000000000000000000e+00 -1.475000000000000089e+00 -3.975399999999999778e+01 -2.538800000000000168e+01 0.000000000000000000e+00
0.0 1.500000000000000000e+01 -2.650999999999999801e+00 -4.064000000000000057e+01 -2.180099999999999838e+01 0.000000000000000000e+00
0.0 1.800000000000000000e+01 -1.308999999999999941e+00 -4.287199999999999989e+01 -1.900199999999999889e+01 0.000000000000000000e+00
0.0 4.000000000000000000e+00 -1.399000000000000021e+00 -4.674499999999999744e+01 -1.869600000000000151e+01 0.000000000000000000e+00
0.0 2.100000000000000000e+01 -2.613999999999999879e+00 -4.633200000000000074e+01 -1.505400000000000027e+01 0.000000000000000000e+00
0.0 1.800000000000000000e+01 -4.671999999999999709e+00 -4.821399999999999864e+01 -1.352500000000000036e+01 0.000000000000000000e+00
0.0 1.500000000000000000e+01 -4.918000000000000149e+00 -5.006099999999999994e+01 -1.094299999999999962e+01 0.000000000000000000e+00
0.0 9.000000000000000000e+00 -6.873000000000000220e+00 -5.164699999999999847e+01 -9.021000000000000796e+00 0.000000000000000000e+00
0.0 1.500000000000000000e+01 -9.319000000000000838e+00 -5.184000000000000341e+01 -1.118999999999999950e+01 0.000000000000000000e+00
0.0 1.800000000000000000e+01 -9.776999999999999247e+00 -5.286699999999999733e+01 -1.439499999999999957e+01 0.000000000000000000e+00
0.0 4.000000000000000000e+00 -1.126699999999999946e+01 -5.349199999999999733e+01 -1.711899999999999977e+01 0.000000000000000000e+00
0.0 2.100000000000000000e+01 -1.302699999999999925e+01 -5.201200000000000045e+01 -2.031400000000000006e+01 0.000000000000000000e+00
0.0 1.800000000000000000e+01 -1.378400000000000070e+01 -5.057600000000000051e+01 -2.324200000000000088e+01 0.000000000000000000e+00
0.0 1.500000000000000000e+01 -1.600300000000000011e+01 -4.920700000000000074e+01 -2.533299999999999841e+01 0.000000000000000000e+00
0.0 9.000000000000000000e+00 -1.781200000000000117e+01 -4.652799999999999869e+01 -2.751999999999999957e+01 0.000000000000000000e+00
0.0 1.500000000000000000e+01 -2.137999999999999901e+01 -4.801100000000000279e+01 -2.709600000000000009e+01 0.000000000000000000e+00
0.0 1.800000000000000000e+01 -2.375300000000000011e+01 -4.832900000000000063e+01 -2.405499999999999972e+01 0.000000000000000000e+00
0.0 4.000000000000000000e+00 -2.445899999999999963e+01 -4.783800000000000097e+01 -2.082799999999999940e+01 0.000000000000000000e+00
0.0 2.100000000000000000e+01 -2.548300000000000054e+01 -4.651500000000000057e+01 -1.739000000000000057e+01 0.000000000000000000e+00
0.0 1.800000000000000000e+01 -2.466499999999999915e+01 -4.440100000000000335e+01 -1.424099999999999966e+01 0.000000000000000000e+00
0.0 1.500000000000000000e+01 -2.431899999999999906e+01 -4.105100000000000193e+01 -1.394599999999999973e+01 0.000000000000000000e+00
0.0 9.000000000000000000e+00 -2.199500000000000099e+01 -3.935499999999999687e+01 -1.130499999999999972e+01 0.000000000000000000e+00
0.0 1.500000000000000000e+01 -2.243599999999999994e+01 -3.671800000000000352e+01 -8.489000000000000767e+00 0.000000000000000000e+00
0.0 1.800000000000000000e+01 -1.904500000000000171e+01 -3.568599999999999994e+01 -6.820999999999999730e+00 0.000000000000000000e+00
0.0 4.000000000000000000e+00 -1.692800000000000082e+01 -3.239900000000000091e+01 -6.977999999999999758e+00 0.000000000000000000e+00
0.0 2.100000000000000000e+01 -1.550900000000000034e+01 -3.128900000000000148e+01 -3.509999999999999787e+00 0.000000000000000000e+00
0.0 1.800000000000000000e+01 -1.265700000000000003e+01 -2.982799999999999940e+01 -2.027000000000000135e+00 0.000000000000000000e+00
0.0 1.500000000000000000e+01 -1.139000000000000057e+01 -2.635900000000000176e+01 -9.539999999999999591e-01 0.000000000000000000e+00
0.0 9.000000000000000000e+00 -7.802999999999999936e+00 -2.590599999999999881e+01 4.440000000000000058e-01 0.000000000000000000e+00
0.0 1.500000000000000000e+01 -7.697000000000000064e+00 -2.500700000000000145e+01 4.145999999999999908e+00 0.000000000000000000e+00
0.0 1.800000000000000000e+01 -5.993999999999999773e+00 -2.741400000000000148e+01 6.700000000000000178e+00 0.000000000000000000e+00
0.0 4.000000000000000000e+00 -4.185999999999999943e+00 -3.060699999999999932e+01 5.323999999999999844e+00 0.000000000000000000e+00
0.0 2.100000000000000000e+01 -2.983999999999999986e+00 -3.378399999999999892e+01 7.232000000000000206e+00 0.000000000000000000e+00
0.0 1.800000000000000000e+01 -4.779999999999999805e-01 -3.671699999999999875e+01 7.355999999999999872e+00 0.000000000000000000e+00
0.0 1.500000000000000000e+01 1.308000000000000052e+00 -3.954399999999999693e+01 5.323000000000000398e+00 0.000000000000000000e+00
0.0 9.000000000000000000e+00 3.927000000000000046e+00 -4.170799999999999841e+01 5.227999999999999758e+00 0.000000000000000000e+00
0.0 1.500000000000000000e+01 6.413000000000000256e+00 -4.457000000000000028e+01 4.256000000000000227e+00 0.000000000000000000e+00
0.0 1.800000000000000000e+01 6.086999999999999744e+00 -4.504099999999999682e+01 4.030000000000000249e-01 0.000000000000000000e+00
0.0 4.000000000000000000e+00 8.099999999999999645e+00 -4.745499999999999829e+01 -1.671999999999999931e+00 0.000000000000000000e+00
0.0 2.100000000000000000e+01 9.586000000000000298e+00 -5.061899999999999977e+01 -3.359999999999999876e+00 0.000000000000000000e+00
0.0 1.800000000000000000e+01 1.050200000000000067e+01 -5.225399999999999778e+01 -6.769000000000000128e+00 0.000000000000000000e+00
0.0 1.500000000000000000e+01 1.040900000000000070e+01 -5.195700000000000074e+01 -1.059900000000000020e+01 0.000000000000000000e+00
0.0 9.000000000000000000e+00 1.086500000000000021e+01 -5.323499999999999943e+01 -1.364199999999999946e+01 0.000000000000000000e+00
0.0 1.500000000000000000e+01 1.041099999999999959e+01 -5.482200000000000273e+01 -1.703699999999999903e+01 0.000000000000000000e+00
0.0 1.800000000000000000e+01 9.912000000000000810e+00 -5.378999999999999915e+01 -2.068299999999999983e+01 0.000000000000000000e+00
0.0 4.000000000000000000e+00 1.020400000000000063e+01 -5.471800000000000352e+01 -2.376899999999999835e+01 0.000000000000000000e+00
0.0 2.100000000000000000e+01 1.007199999999999918e+01 -5.467999999999999972e+01 -2.762099999999999866e+01 0.000000000000000000e+00
0.0 1.800000000000000000e+01 9.323000000000000398e+00 -5.284499999999999886e+01 -3.088500000000000156e+01 0.000000000000000000e+00
0.0 1.500000000000000000e+01 8.570000000000000284e+00 -5.081799999999999784e+01 -3.342399999999999949e+01 0.000000000000000000e+00
0.0 9.000000000000000000e+00 9.855999999999999872e+00 -5.040500000000000114e+01 -3.636599999999999966e+01 0.000000000000000000e+00
0.0 1.500000000000000000e+01 1.026500000000000057e+01 -4.829299999999999926e+01 -3.951299999999999812e+01 0.000000000000000000e+00
0.0 1.800000000000000000e+01 8.858999999999999986e+00 -4.762800000000000011e+01 -4.293900000000000006e+01 0.000000000000000000e+00
0.0 4.000000000000000000e+00 9.282999999999999474e+00 -4.445100000000000051e+01 -4.516199999999999903e+01 0.000000000000000000e+00
0.0 2.100000000000000000e+01 7.633000000000000007e+00 -4.317600000000000193e+01 -4.848199999999999932e+01 0.000000000000000000e+00
0.0 1.800000000000000000e+01 5.238999999999999879e+00 -4.029500000000000171e+01 -4.937199999999999989e+01 0.000000000000000000e+00
0.0 1.500000000000000000e+01 1.542000000000000037e+00 -3.968999999999999773e+01 -4.877199999999999847e+01 0.000000000000000000e+00
0.0 9.000000000000000000e+00 -7.790000000000000258e-01 -3.850600000000000023e+01 -5.114800000000000324e+01 0.000000000000000000e+00
0.0 1.500000000000000000e+01 -2.982000000000000206e+00 -3.961899999999999977e+01 -4.914099999999999824e+01 0.000000000000000000e+00
0.0 1.800000000000000000e+01 -6.743999999999999773e+00 -3.895900000000000318e+01 -4.969400000000000261e+01 0.000000000000000000e+00
0.0 4.000000000000000000e+00 -8.467999999999999972e+00 -4.185499999999999687e+01 -5.157699999999999818e+01 0.000000000000000000e+00
0.0 2.100000000000000000e+01 -1.128299999999999947e+01 -4.312299999999999756e+01 -5.266499999999999915e+01 0.000000000000000000e+00
0.0 1.800000000000000000e+01 -1.313100000000000023e+01 -4.566299999999999670e+01 -5.324000000000000199e+01 0.000000000000000000e+00
0.0 1.500000000000000000e+01 -1.105199999999999960e+01 -4.713300000000000267e+01 -5.491799999999999926e+01 0.000000000000000000e+00
0.0 9.000000000000000000e+00 -7.559999999999999609e+00 -4.638300000000000267e+01 -5.650300000000000011e+01 0.000000000000000000e+00
0.0 1.500000000000000000e+01 -4.631000000000000227e+00 -4.699000000000000199e+01 -5.423299999999999699e+01 0.000000000000000000e+00
0.0 1.800000000000000000e+01 -2.294999999999999929e+00 -4.413300000000000267e+01 -5.546099999999999852e+01 0.000000000000000000e+00
0.0 4.000000000000000000e+00 1.092999999999999972e+00 -4.241599999999999682e+01 -5.454099999999999682e+01 0.000000000000000000e+00
0.0 2.100000000000000000e+01 3.154999999999999805e+00 -3.917900000000000205e+01 -5.405599999999999739e+01 0.000000000000000000e+00
0.0 1.800000000000000000e+01 3.512999999999999901e+00 -3.572200000000000131e+01 -5.231099999999999994e+01 0.000000000000000000e+00
0.0 1.500000000000000000e+01 3.305000000000000160e+00 -3.322899999999999920e+01 -5.007999999999999829e+01 0.000000000000000000e+00
0.0 9.000000000000000000e+00 3.508999999999999897e+00 -3.021600000000000108e+01 -4.928000000000000114e+01 0.000000000000000000e+00
0.0 1.500000000000000000e+01 2.250999999999999890e+00 -2.867599999999999838e+01 -4.591599999999999682e+01 0.000000000000000000e+00
0.0 1.800000000000000000e+01 1.766999999999999904e+00 -2.526899999999999835e+01 -4.403900000000000148e+01 0.000000000000000000e+00
0.0 4.000000000000000000e+00 9.220000000000000417e-01 -2.228099999999999881e+01 -4.351200000000000045e+01 0.000000000000000000e+00
0.0 2.100000000000000000e+01 -4.139999999999999791e-01 -2.122700000000000031e+01 -4.048400000000000176e+01 0.000000000000000000e+00
0.0 1.800000000000000000e+01 -2.576000000000000068e+00 -1.820599999999999952e+01 -3.932999999999999829e+01 0.000000000000000000e+00
0.0 1.500000000000000000e+01 -5.128999999999999559e+00 -1.726899999999999835e+01 -3.747099999999999653e+01 0.000000000000000000e+00
0.0 9.000000000000000000e+00 -8.820000000000000284e+00 -1.696600000000000108e+01 -3.627199999999999847e+01 0.000000000000000000e+00
0.0 1.500000000000000000e+01 -9.323000000000000398e+00 -1.332000000000000028e+01 -3.506499999999999773e+01 0.000000000000000000e+00
0.0 1.800000000000000000e+01 -1.227899999999999991e+01 -1.077599999999999980e+01 -3.502100000000000080e+01 0.000000000000000000e+00
0.0 4.000000000000000000e+00 -1.479899999999999949e+01 -9.150999999999999801e+00 -3.585199999999999676e+01 0.000000000000000000e+00
0.0 2.100000000000000000e+01 -1.857700000000000173e+01 -9.574999999999999289e+00 -3.565599999999999881e+01 0.000000000000000000e+00
0.0 1.800000000000000000e+01 -2.142299999999999827e+01 -7.937999999999999723e+00 -3.370900000000000318e+01 0.000000000000000000e+00
0.0 1.500000000000000000e+01 -2.351800000000000068e+01 -6.469999999999999751e+00 -3.158399999999999963e+01 0.000000000000000000e+00
0.0 9.000000000000000000e+00 -2.657300000000000040e+01 -7.310999999999999943e+00 -3.047400000000000020e+01 0.000000000000000000e+00
0.0 1.500000000000000000e+01 -2.793199999999999861e+01 -6.046000000000000263e+00 -2.777599999999999980e+01 0.000000000000000000e+00
0.0 1.800000000000000000e+01 -3.114799999999999969e+01 -7.477000000000000313e+00 -2.625100000000000122e+01 0.000000000000000000e+00
0.0 4.000000000000000000e+00 -3.342499999999999716e+01 -9.535000000000000142e+00 -2.614999999999999858e+01 0.000000000000000000e+00
0.0 2.100000000000000000e+01 -3.403499999999999659e+01 -1.267099999999999937e+01 -2.407400000000000162e+01 0.000000000000000000e+00
0.0 1.800000000000000000e+01 -3.572999999999999687e+01 -1.564100000000000001e+01 -2.583599999999999852e+01 0.000000000000000000e+00
0.0 1.500000000000000000e+01 -3.788700000000000045e+01 -1.862199999999999989e+01 -2.465899999999999892e+01 0.000000000000000000e+00
0.0 9.000000000000000000e+00 -3.787899999999999778e+01 -2.206299999999999883e+01 -2.642399999999999949e+01 0.000000000000000000e+00
0.0 1.500000000000000000e+01 -4.157399999999999807e+01 -2.275799999999999912e+01 -2.737800000000000011e+01 0.000000000000000000e+00
0.0 1.800000000000000000e+01 -4.059700000000000131e+01 -2.529500000000000171e+01 -3.014300000000000068e+01 0.000000000000000000e+00
0.0 4.000000000000000000e+00 -4.004800000000000182e+01 -2.766000000000000014e+01 -3.218099999999999739e+01 0.000000000000000000e+00
0.0 2.100000000000000000e+01 -4.142600000000000193e+01 -3.033800000000000097e+01 -3.463400000000000034e+01 0.000000000000000000e+00
0.0 1.800000000000000000e+01 -3.994299999999999784e+01 -3.226899999999999835e+01 -3.764200000000000301e+01 0.000000000000000000e+00
0.0 1.500000000000000000e+01 -3.744299999999999784e+01 -3.318599999999999994e+01 -3.973100000000000165e+01 0.000000000000000000e+00
0.0 9.000000000000000000e+00 -3.610499999999999687e+01 -3.482699999999999818e+01 -4.206300000000000239e+01 0.000000000000000000e+00
0.0 1.500000000000000000e+01 -3.334000000000000341e+01 -3.579999999999999716e+01 -4.457999999999999829e+01 0.000000000000000000e+00
0.0 1.800000000000000000e+01 -3.119500000000000028e+01 -3.533500000000000085e+01 -4.754599999999999937e+01 0.000000000000000000e+00
0.0 4.000000000000000000e+00 -2.932999999999999829e+01 -3.532200000000000273e+01 -5.025000000000000000e+01 0.000000000000000000e+00
0.0 2.100000000000000000e+01 -2.708299999999999841e+01 -3.468099999999999739e+01 -5.338100000000000023e+01 0.000000000000000000e+00
0.0 1.800000000000000000e+01 -2.599599999999999866e+01 -3.258700000000000330e+01 -5.638199999999999790e+01 0.000000000000000000e+00
0.0 1.500000000000000000e+01 -2.501999999999999957e+01 -2.921600000000000108e+01 -5.791899999999999693e+01 0.000000000000000000e+00
0.0 9.000000000000000000e+00 -2.464600000000000080e+01 -2.700000000000000000e+01 -6.016100000000000136e+01 0.000000000000000000e+00
0.0 1.500000000000000000e+01 -2.448900000000000077e+01 -2.335200000000000031e+01 -6.131700000000000017e+01 0.000000000000000000e+00
0.0 1.800000000000000000e+01 -2.749099999999999966e+01 -2.118599999999999994e+01 -6.201899999999999835e+01 0.000000000000000000e+00
0.0 4.000000000000000000e+00 -2.773000000000000043e+01 -1.748600000000000065e+01 -6.095199999999999818e+01 0.000000000000000000e+00
0.0 2.100000000000000000e+01 -3.107999999999999829e+01 -1.554100000000000037e+01 -6.150999999999999801e+01 0.000000000000000000e+00
0.0 1.800000000000000000e+01 -3.396200000000000330e+01 -1.445800000000000018e+01 -6.046600000000000108e+01 0.000000000000000000e+00
0.0 1.500000000000000000e+01 -3.553399999999999892e+01 -1.190000000000000036e+01 -5.870799999999999841e+01 0.000000000000000000e+00
0.0 9.000000000000000000e+00 -3.922399999999999665e+01 -1.122499999999999964e+01 -5.827300000000000324e+01 0.000000000000000000e+00
0.0 1.500000000000000000e+01 -4.020600000000000307e+01 -7.487000000000000099e+00 -5.854800000000000182e+01 0.000000000000000000e+00
0.0 1.800000000000000000e+01 -3.983800000000000097e+01 -4.349000000000000199e+00 -5.759499999999999886e+01 0.000000000000000000e+00
0.0 4.000000000000000000e+00 -4.121099999999999852e+01 -1.532000000000000028e+00 -5.796600000000000108e+01 0.000000000000000000e+00
0.0 2.100000000000000000e+01 -3.997599999999999909e+01 1.651000000000000023e+00 -5.610199999999999676e+01 0.000000000000000000e+00
0.0 1.800000000000000000e+01 -4.073700000000000188e+01 3.873000000000000220e+00 -5.359300000000000352e+01 0.000000000000000000e+00
0.0 1.500000000000000000e+01 -3.853399999999999892e+01 6.168000000000000149e+00 -5.256700000000000017e+01 0.000000000000000000e+00
0.0 9.000000000000000000e+00 -3.771099999999999852e+01 9.156000000000000583e+00 -5.244800000000000040e+01 0.000000000000000000e+00
0.0 1.500000000000000000e+01 -3.603199999999999648e+01 1.055799999999999983e+01 -4.922699999999999676e+01 0.000000000000000000e+00
0.0 1.800000000000000000e+01 -3.639099999999999824e+01 1.417099999999999937e+01 -4.785999999999999943e+01 0.000000000000000000e+00
0.0 4.000000000000000000e+00 -3.468900000000000006e+01 1.461599999999999966e+01 -4.437800000000000011e+01 0.000000000000000000e+00
0.0 2.100000000000000000e+01 -3.306300000000000239e+01 1.780699999999999861e+01 -4.300699999999999790e+01 0.000000000000000000e+00
0.0 1.800000000000000000e+01 -3.206900000000000261e+01 1.946900000000000119e+01 -4.025500000000000256e+01 0.000000000000000000e+00
0.0 1.500000000000000000e+01 -2.920899999999999963e+01 2.100000000000000000e+01 -3.821200000000000330e+01 0.000000000000000000e+00
0.0 9.000000000000000000e+00 -2.847400000000000020e+01 2.284799999999999898e+01 -3.560699999999999932e+01 0.000000000000000000e+00
0.0 1.500000000000000000e+01 -2.631899999999999906e+01 2.376200000000000045e+01 -3.315500000000000114e+01 0.000000000000000000e+00
0.0 1.800000000000000000e+01 -2.772800000000000153e+01 2.699299999999999855e+01 -3.143400000000000105e+01 0.000000000000000000e+00
0.0 4.000000000000000000e+00 -2.948699999999999832e+01 2.940299999999999869e+01 -3.042399999999999949e+01 0.000000000000000000e+00
0.0 2.100000000000000000e+01 -3.200699999999999790e+01 3.158500000000000085e+01 -2.844699999999999918e+01 0.000000000000000000e+00
0.0 1.800000000000000000e+01 -3.551800000000000068e+01 3.184700000000000131e+01 -2.684700000000000131e+01 0.000000000000000000e+00
0.0 1.500000000000000000e+01 -3.884499999999999886e+01 2.992800000000000082e+01 -2.626000000000000156e+01 0.000000000000000000e+00
0.0 9.000000000000000000e+00 -4.179500000000000171e+01 2.882000000000000028e+01 -2.653600000000000136e+01 0.000000000000000000e+00
0.0 1.500000000000000000e+01 -4.467999999999999972e+01 2.634299999999999997e+01 -2.736100000000000065e+01 0.000000000000000000e+00
0.0 1.800000000000000000e+01 -4.579299999999999926e+01 2.339600000000000080e+01 -2.963700000000000045e+01 0.000000000000000000e+00
0.0 4.000000000000000000e+00 -4.528600000000000136e+01 1.964999999999999858e+01 -2.873699999999999832e+01 0.000000000000000000e+00
0.0 2.100000000000000000e+01 -4.704099999999999682e+01 1.637399999999999878e+01 -3.000000000000000000e+01 0.000000000000000000e+00
0.0 1.800000000000000000e+01 -4.725699999999999790e+01 1.381400000000000006e+01 -3.244599999999999795e+01 0.000000000000000000e+00
0.0 1.500000000000000000e+01 -4.649199999999999733e+01 1.008200000000000074e+01 -3.314099999999999824e+01 0.000000000000000000e+00
0.0 9.000000000000000000e+00 -4.684499999999999886e+01 7.136999999999999567e+00 -3.478900000000000148e+01 0.000000000000000000e+00
0.0 1.500000000000000000e+01 -4.680499999999999972e+01 4.089999999999999858e+00 -3.664300000000000068e+01 0.000000000000000000e+00
0.0 1.800000000000000000e+01 -4.583400000000000318e+01 4.520000000000000129e-01 -3.766899999999999693e+01 0.000000000000000000e+00
0.0 4.000000000000000000e+00 -4.670300000000000296e+01 -2.524000000000000021e+00 -3.967000000000000171e+01 0.000000000000000000e+00
0.0 2.100000000000000000e+01 -4.743500000000000227e+01 -5.828000000000000291e+00 -3.884000000000000341e+01 0.000000000000000000e+00
0.0 1.800000000000000000e+01 -4.747599999999999909e+01 -9.394999999999999574e+00 -3.996800000000000352e+01 0.000000000000000000e+00
0.0 1.500000000000000000e+01 -4.991499999999999915e+01 -1.201600000000000001e+01 -3.842099999999999937e+01 0.000000000000000000e+00
0.0 9.000000000000000000e+00 -5.164200000000000301e+01 -1.475399999999999956e+01 -3.781499999999999773e+01 0.000000000000000000e+00
0.0 1.500000000000000000e+01 -5.348599999999999710e+01 -1.717800000000000082e+01 -3.628300000000000125e+01 0.000000000000000000e+00
0.0 1.800000000000000000e+01 -5.628000000000000114e+01 -1.849399999999999977e+01 -3.391700000000000159e+01 0.000000000000000000e+00
0.0 4.000000000000000000e+00 -5.815999999999999659e+01 -1.994699999999999918e+01 -3.186199999999999832e+01 0.000000000000000000e+00
0.0 2.100000000000000000e+01 -6.062100000000000222e+01 -2.025900000000000034e+01 -2.896300000000000097e+01 0.000000000000000000e+00
0.0 1.800000000000000000e+01 -6.236699999999999733e+01 -2.053999999999999915e+01 -2.550600000000000023e+01 0.000000000000000000e+00
0.0 1.500000000000000000e+01 -6.307099999999999795e+01 -1.856400000000000006e+01 -2.291000000000000014e+01 0.000000000000000000e+00
0.0 9.000000000000000000e+00 -6.487900000000000489e+01 -1.761100000000000065e+01 -2.039999999999999858e+01 0.000000000000000000e+00
0.0 1.500000000000000000e+01 -6.664799999999999613e+01 -1.685200000000000031e+01 -1.691600000000000037e+01 0.000000000000000000e+00
0.0 1.800000000000000000e+01 -6.593300000000000693e+01 -1.456799999999999962e+01 -1.458500000000000085e+01 0.000000000000000000e+00
0.0 4.000000000000000000e+00 -6.713200000000000500e+01 -1.243800000000000061e+01 -1.257300000000000040e+01 0.000000000000000000e+00
0.0 2.100000000000000000e+01 -6.847400000000000375e+01 -1.114499999999999957e+01 -9.140000000000000568e+00 0.000000000000000000e+00
0.0 1.800000000000000000e+01 -6.858499999999999375e+01 -8.740999999999999659e+00 -6.584999999999999964e+00 0.000000000000000000e+00
0.0 1.500000000000000000e+01 -6.891299999999999670e+01 -7.258000000000000007e+00 -3.819999999999999840e+00 0.000000000000000000e+00
0.0 9.000000000000000000e+00 -6.776999999999999602e+01 -4.642000000000000348e+00 -1.191000000000000059e+00 0.000000000000000000e+00
0.0 1.500000000000000000e+01 -6.999200000000000443e+01 -3.584000000000000075e+00 1.800999999999999934e+00 0.000000000000000000e+00
0.0 1.800000000000000000e+01 -7.003700000000000614e+01 -1.241999999999999993e+00 4.028999999999999915e+00 0.000000000000000000e+00
0.0 4.000000000000000000e+00 -6.921899999999999409e+01 1.387000000000000011e+00 6.775999999999999801e+00 0.000000000000000000e+00
0.0 2.100000000000000000e+01 -7.045199999999999818e+01 2.137000000000000011e+00 1.035500000000000043e+01 0.000000000000000000e+00
0.0 1.800000000000000000e+01 -6.974299999999999500e+01 4.389000000000000234e+00 1.304199999999999982e+01 0.000000000000000000e+00
0.0 1.500000000000000000e+01 -6.901399999999999579e+01 4.527999999999999581e+00 1.685300000000000153e+01 0.000000000000000000e+00
0.0 9.000000000000000000e+00 -6.570300000000000296e+01 5.073999999999999844e+00 1.877899999999999991e+01 0.000000000000000000e+00
0.0 1.500000000000000000e+01 -6.546699999999999875e+01 4.791000000000000369e+00 2.266900000000000048e+01 0.000000000000000000e+00
0.0 1.800000000000000000e+01 -6.426300000000000523e+01 2.557999999999999829e+00 2.547200000000000131e+01 0.000000000000000000e+00
0.0 4.000000000000000000e+00 -6.459600000000000364e+01 2.819999999999999729e-01 2.760999999999999943e+01 0.000000000000000000e+00
0.0 2.100000000000000000e+01 -6.441700000000000159e+01 -2.794999999999999929e+00 2.992399999999999949e+01 0.000000000000000000e+00
0.0 1.800000000000000000e+01 -6.537800000000000011e+01 -6.264000000000000234e+00 3.074599999999999866e+01 0.000000000000000000e+00
0.0 1.500000000000000000e+01 -6.670199999999999818e+01 -8.692000000000000171e+00 3.215299999999999869e+01 0.000000000000000000e+00
0.0 9.000000000000000000e+00 -6.788899999999999579e+01 -1.207699999999999996e+01 3.349799999999999756e+01 0.000000000000000000e+00
0.0 1.500000000000000000e+01 -6.694799999999999329e+01 -1.321400000000000041e+01 3.626400000000000290e+01 0.000000000000000000e+00
0.0 1.800000000000000000e+01 -6.843200000000000216e+01 -1.024300000000000033e+01 3.826299999999999812e+01 0.000000000000000000e+00
0.0 4.000000000000000000e+00 -6.896999999999999886e+01 -7.644000000000000128e+00 3.995499999999999829e+01 0.000000000000000000e+00
0.0 2.100000000000000000e+01 -7.033400000000000318e+01 -4.062000000000000277e+00 4.013600000000000279e+01 0.000000000000000000e+00
0.0 1.800000000000000000e+01 -7.003499999999999659e+01 -2.999999999999999889e-01 4.065299999999999869e+01 0.000000000000000000e+00
0.0 1.500000000000000000e+01 -6.814700000000000557e+01 2.686999999999999833e+00 3.916700000000000159e+01 0.000000000000000000e+00
0.0 9.000000000000000000e+00 -6.833199999999999363e+01 6.163000000000000256e+00 4.087500000000000000e+01 0.000000000000000000e+00
0.0 1.500000000000000000e+01 -6.647199999999999420e+01 9.569000000000000838e+00 4.082300000000000040e+01 0.000000000000000000e+00
0.0 1.800000000000000000e+01 -6.277199999999999847e+01 1.070299999999999940e+01 4.060399999999999920e+01 0.000000000000000000e+00
0.0 4.000000000000000000e+00 -6.011099999999999710e+01 1.241300000000000026e+01 4.049199999999999733e+01 0.000000000000000000e+00
0.0 2.100000000000000000e+01 -5.797699999999999676e+01 1.526399999999999935e+01 4.202100000000000080e+01 0.000000000000000000e+00
0.0 1.800000000000000000e+01 -5.416499999999999915e+01 1.558799999999999919e+01 4.256900000000000261e+01 0.000000000000000000e+00
0.0 1.500000000000000000e+01 -5.157600000000000051e+01 1.623600000000000065e+01 4.429899999999999949e+01 0.000000000000000000e+00
0.0 9.000000000000000000e+00 -4.797500000000000142e+01 1.593299999999999983e+01 4.561899999999999977e+01 0.000000000000000000e+00
0.0 1.500000000000000000e+01 -4.485399999999999920e+01 1.439799999999999969e+01 4.724099999999999966e+01 0.000000000000000000e+00
0.0 1.800000000000000000e+01 -4.231799999999999784e+01 1.245599999999999952e+01 4.780599999999999739e+01 0.000000000000000000e+00
0.0 4.000000000000000000e+00 -3.917799999999999727e+01 1.024399999999999977e+01 4.845700000000000074e+01 0.000000000000000000e+00
0.0 2.100000000000000000e+01 -3.722500000000000142e+01 7.485000000000000320e+00 4.760000000000000142e+01 0.000000000000000000e+00
0.0 1.800000000000000000e+01 -3.464200000000000301e+01 6.291999999999999815e+00 4.496999999999999886e+01 0.000000000000000000e+00
0.0 1.500000000000000000e+01 -3.271900000000000119e+01 4.413000000000000256e+00 4.328900000000000148e+01 0.000000000000000000e+00
