0.0 1.000000000000000000e+00 195.28668 481.52887 274.99588 0.000000000000000000e+00
0.0 1.500000000000000000e+01 197.54483 483.7872 276.72937 0.000000000000000000e+00
0.0 1.500000000000000000e+01 200.52448 482.50784 278.6106 0.000000000000000000e+00
0.0 1.600000000000000000e+01 200.53049 482.9012 282.28488 0.000000000000000000e+00
0.0 1.600000000000000000e+01 199.53827 481.56067 285.73526 0.000000000000000000e+00
0.0 4.000000000000000000e+00 199.2615 484.8448 287.9965 0.000000000000000000e+00
0.0 4.000000000000000000e+00 195.45705 485.60532 288.83252 0.000000000000000000e+00
0.0 1.400000000000000000e+01 194.8938 488.65375 286.4986 0.000000000000000000e+00
0.0 1.800000000000000000e+01 196.4054 487.77313 283.0826 0.000000000000000000e+00
0.0 1.400000000000000000e+01 199.5023 488.88104 280.74545 0.000000000000000000e+00
0.0 7.000000000000000000e+00 202.09518 491.5101 281.60147 0.000000000000000000e+00
0.0 1.800000000000000000e+01 205.75023 490.28973 282.464 0.000000000000000000e+00
0.0 8.000000000000000000e+00 209.3716 489.82144 280.7408 1.000000000000000000e+00
0.0 5.000000000000000000e+00 211.76962 486.86316 281.2811 1.000000000000000000e+00
0.0 5.000000000000000000e+00 214.71329 489.3157 280.8049 1.000000000000000000e+00
0.0 1.000000000000000000e+01 213.0842 491.69202 283.36435 1.000000000000000000e+00
0.0 5.000000000000000000e+00 212.40408 488.91415 285.9724 1.000000000000000000e+00
0.0 1.500000000000000000e+01 215.89204 487.38312 285.40433 1.000000000000000000e+00
0.0 4.000000000000000000e+00 217.59015 490.8214 285.91345 1.000000000000000000e+00
0.0 1.100000000000000000e+01 215.32117 491.62357 288.92252 1.000000000000000000e+00
0.0 3.000000000000000000e+00 216.37872 488.4233 290.77792 1.000000000000000000e+00
0.0 3.000000000000000000e+00 220.04749 488.34665 289.54105 1.000000000000000000e+00
0.0 1.000000000000000000e+01 220.98846 492.03363 290.22696 1.000000000000000000e+00
0.0 1.400000000000000000e+01 218.4407 493.42444 292.75577 1.000000000000000000e+00
0.0 2.000000000000000000e+00 217.76837 490.1636 294.72278 1.000000000000000000e+00
0.0 1.400000000000000000e+01 213.92848 490.42828 294.39716 1.000000000000000000e+00
0.0 7.000000000000000000e+00 211.59915 487.55753 293.33334 1.000000000000000000e+00
0.0 1.500000000000000000e+01 208.77014 490.00635 292.39453 1.000000000000000000e+00
0.0 1.400000000000000000e+01 207.80852 493.70132 292.06552 1.000000000000000000e+00
0.0 3.000000000000000000e+00 206.3749 495.57874 295.1322 1.000000000000000000e+00
0.0 4.000000000000000000e+00 203.15392 496.2819 293.11288 1.000000000000000000e+00
0.0 1.800000000000000000e+01 201.65942 495.4423 289.64902 1.000000000000000000e+00
0.0 1.100000000000000000e+01 201.90262 499.235 288.96036 1.000000000000000000e+00
0.0 1.200000000000000000e+01 205.7238 499.02042 289.4721 1.000000000000000000e+00
0.0 8.000000000000000000e+00 205.87704 496.0661 286.98184 1.000000000000000000e+00
0.0 1.500000000000000000e+01 203.60255 497.9865 284.49792 1.000000000000000000e+00
0.0 6.000000000000000000e+00 205.71678 501.18082 284.76462 1.000000000000000000e+00
0.0 4.000000000000000000e+00 208.9871 499.17514 284.39032 1.000000000000000000e+00
0.0 1.000000000000000000e+00 207.62082 497.29916 281.31165 1.000000000000000000e+00
0.0 6.000000000000000000e+00 206.52757 500.6201 279.6955 1.000000000000000000e+00
0.0 1.000000000000000000e+01 210.12503 501.98044 280.0992 1.000000000000000000e+00
0.0 1.000000000000000000e+01 211.63023 498.6407 278.79456 1.000000000000000000e+00
0.0 3.000000000000000000e+00 209.35646 498.97668 275.69223 1.000000000000000000e+00
0.0 2.000000000000000000e+00 210.93538 502.4448 275.06854 1.000000000000000000e+00
0.0 1.700000000000000000e+01 208.0373 503.58328 272.7826 1.000000000000000000e+00
0.0 3.000000000000000000e+00 206.5461 506.4392 274.95648 1.000000000000000000e+00
0.0 7.000000000000000000e+00 207.64864 509.0345 277.49576 1.000000000000000000e+00
0.0 1.000000000000000000e+01 206.65451 507.8141 281.00772 1.000000000000000000e+00
0.0 1.400000000000000000e+01 205.41618 509.56717 284.1901 1.000000000000000000e+00
0.0 1.000000000000000000e+01 205.82674 507.7211 287.54562 1.000000000000000000e+00
0.0 1.900000000000000000e+01 204.01672 509.28284 290.54007 1.000000000000000000e+00
0.0 1.000000000000000000e+00 204.54575 506.93082 293.5409 1.000000000000000000e+00
0.0 1.800000000000000000e+01 205.32022 507.5586 297.29742 1.000000000000000000e+00
0.0 4.000000000000000000e+00 208.84738 507.67374 298.80444 1.000000000000000000e+00
0.0 2.000000000000000000e+00 210.01463 504.044 299.4737 1.000000000000000000e+00
0.0 6.000000000000000000e+00 207.45575 502.63165 296.90738 1.000000000000000000e+00
0.0 2.000000000000000000e+00 210.41685 501.52396 294.66403 1.000000000000000000e+00
0.0 3.000000000000000000e+00 210.37262 504.34656 291.99478 1.000000000000000000e+00
0.0 1.500000000000000000e+01 214.14247 503.95355 291.3587 1.000000000000000000e+00
0.0 1.100000000000000000e+01 213.73781 500.33307 290.1108 1.000000000000000000e+00
0.0 1.900000000000000000e+01 211.38594 501.57553 287.30292 1.000000000000000000e+00
0.0 9.000000000000000000e+00 214.43509 503.2342 285.59067 1.000000000000000000e+00
0.0 1.200000000000000000e+01 217.42671 501.34952 287.15518 1.000000000000000000e+00
0.0 1.100000000000000000e+01 216.24388 497.9172 285.8391 1.000000000000000000e+00
0.0 1.800000000000000000e+01 215.48982 499.15335 282.21722 1.000000000000000000e+00
0.0 6.000000000000000000e+00 218.86479 501.01852 282.1979 1.000000000000000000e+00
0.0 1.100000000000000000e+01 220.62932 497.61758 282.6938 1.000000000000000000e+00
0.0 1.100000000000000000e+01 218.46233 495.9242 279.9731 1.000000000000000000e+00
0.0 6.000000000000000000e+00 219.14844 498.6202 277.3128 1.000000000000000000e+00
0.0 3.000000000000000000e+00 222.43391 498.78973 275.2725 1.000000000000000000e+00
0.0 2.000000000000000000e+00 223.63565 502.37323 276.04712 1.000000000000000000e+00
0.0 2.000000000000000000e+01 223.84317 504.75342 279.06976 1.000000000000000000e+00
0.0 4.000000000000000000e+00 220.9954 506.20395 281.19226 1.000000000000000000e+00
0.0 2.000000000000000000e+01 221.29413 509.8387 282.411 1.000000000000000000e+00
0.0 1.000000000000000000e+01 219.5527 510.42374 285.8002 1.000000000000000000e+00
0.0 1.000000000000000000e+01 218.90414 514.0807 286.71375 1.000000000000000000e+00
0.0 1.500000000000000000e+01 218.33412 514.36835 290.5275 1.000000000000000000e+00
0.0 1.800000000000000000e+01 218.39017 517.5455 292.7239 1.000000000000000000e+00
0.0 1.100000000000000000e+01 220.45065 516.5047 295.81702 1.000000000000000000e+00
0.0 2.000000000000000000e+01 224.08128 515.26715 295.8844 1.000000000000000000e+00
0.0 6.000000000000000000e+00 223.21147 513.3922 299.15298 1.000000000000000000e+00
0.0 1.100000000000000000e+01 220.4093 511.34818 297.45056 1.000000000000000000e+00
0.0 2.000000000000000000e+01 222.69283 510.81116 294.40723 1.000000000000000000e+00
0.0 1.200000000000000000e+01 225.45384 509.39594 296.69055 1.000000000000000000e+00
0.0 7.000000000000000000e+00 222.99844 507.0214 298.4978 1.000000000000000000e+00
0.0 1.200000000000000000e+01 221.6789 505.66092 295.14417 1.000000000000000000e+00
0.0 1.000000000000000000e+01 225.28636 505.4 293.73996 1.000000000000000000e+00
0.0 7.000000000000000000e+00 226.62543 503.52423 296.8267 1.000000000000000000e+00
0.0 1.600000000000000000e+01 223.5653 501.18936 296.77994 1.000000000000000000e+00
0.0 1.100000000000000000e+01 224.1029 500.42984 293.0236 1.000000000000000000e+00
0.0 1.100000000000000000e+01 227.87003 499.83084 293.6661 1.000000000000000000e+00
0.0 4.000000000000000000e+00 227.01932 497.10593 296.2819 1.000000000000000000e+00
0.0 1.100000000000000000e+01 224.80917 495.5094 293.54105 1.000000000000000000e+00
0.0 3.000000000000000000e+00 228.01985 495.60654 291.31857 1.000000000000000000e+00
0.0 1.000000000000000000e+01 226.34534 498.01376 288.80756 1.000000000000000000e+00
0.0 5.000000000000000000e+00 228.62529 500.33493 286.75516 1.000000000000000000e+00
0.0 1.000000000000000000e+01 227.27646 503.6384 288.1488 1.000000000000000000e+00
0.0 1.500000000000000000e+01 228.89519 507.11426 288.30045 1.000000000000000000e+00
0.0 1.500000000000000000e+01 227.81679 510.67822 289.2354 1.000000000000000000e+00
0.0 1.100000000000000000e+01 228.67503 514.11597 287.77924 1.000000000000000000e+00
0.0 1.700000000000000000e+01 228.18665 516.7369 290.5246 1.000000000000000000e+00
0.0 1.500000000000000000e+01 229.81403 519.95306 291.88345 1.000000000000000000e+00
0.0 3.000000000000000000e+00 231.9137 518.03455 294.53598 1.000000000000000000e+00
0.0 1.100000000000000000e+01 233.89713 515.9192 291.9878 1.000000000000000000e+00
0.0 1.500000000000000000e+01 237.56651 516.907 291.65744 1.000000000000000000e+00
0.0 6.000000000000000000e+00 238.92015 518.0791 288.28333 1.000000000000000000e+00
0.0 1.200000000000000000e+01 240.66046 514.65265 287.8861 1.000000000000000000e+00
0.0 8.000000000000000000e+00 237.60023 512.39716 288.60895 1.000000000000000000e+00
0.0 5.000000000000000000e+00 235.63081 514.7027 286.24124 1.000000000000000000e+00
0.0 3.000000000000000000e+00 238.29053 514.349 283.46292 1.000000000000000000e+00
0.0 8.000000000000000000e+00 238.28241 510.52347 283.89984 1.000000000000000000e+00
0.0 1.100000000000000000e+01 234.43541 510.3818 283.80634 1.000000000000000000e+00
0.0 1.100000000000000000e+01 234.11711 512.6552 280.70523 1.000000000000000000e+00
0.0 6.000000000000000000e+00 236.8331 510.5342 278.99573 1.000000000000000000e+00
0.0 7.000000000000000000e+00 234.82658 507.31824 279.7946 1.000000000000000000e+00
0.0 1.100000000000000000e+01 231.65485 508.88257 278.2436 1.000000000000000000e+00
0.0 8.000000000000000000e+00 233.65016 510.0252 275.13327 1.000000000000000000e+00
0.0 5.000000000000000000e+00 235.03795 506.46924 274.42212 1.000000000000000000e+00
0.0 8.000000000000000000e+00 233.32658 504.38467 271.6831 1.000000000000000000e+00
0.0 3.000000000000000000e+00 232.18452 501.88977 274.38635 1.000000000000000000e+00
0.0 1.800000000000000000e+01 231.76862 503.7301 277.75323 1.000000000000000000e+00
0.0 1.200000000000000000e+01 231.97237 501.56073 280.89423 1.000000000000000000e+00
0.0 4.000000000000000000e+00 229.4398 503.82156 282.72736 1.000000000000000000e+00
0.0 3.000000000000000000e+00 225.89673 502.29706 282.5926 1.000000000000000000e+00
0.0 2.000000000000000000e+01 224.01173 504.7881 284.82904 1.000000000000000000e+00
0.0 1.100000000000000000e+01 225.1738 508.4372 285.1188 1.000000000000000000e+00
0.0 9.000000000000000000e+00 223.62213 510.4934 287.9362 1.000000000000000000e+00
0.0 2.000000000000000000e+01 223.82608 514.2775 287.34528 1.000000000000000000e+00
0.0 4.000000000000000000e+00 222.60803 517.48395 289.0631 1.000000000000000000e+00
0.0 1.800000000000000000e+01 220.37582 519.8127 286.90176 1.000000000000000000e+00
0.0 8.000000000000000000e+00 222.9639 522.672 286.9994 1.000000000000000000e+00
0.0 1.000000000000000000e+00 225.65074 520.20514 285.7272 1.000000000000000000e+00
0.0 6.000000000000000000e+00 223.29713 518.7136 283.0499 1.000000000000000000e+00
0.0 6.000000000000000000e+00 222.58391 522.2809 281.79797 1.000000000000000000e+00
0.0 1.500000000000000000e+01 226.28369 523.37213 282.1669 1.000000000000000000e+00
0.0 1.500000000000000000e+01 228.1435 524.60925 279.03745 1.000000000000000000e+00
0.0 1.500000000000000000e+01 231.09543 522.31085 279.97354 1.000000000000000000e+00
0.0 1.400000000000000000e+01 228.89406 519.13885 279.7377 1.000000000000000000e+00
0.0 1.200000000000000000e+01 227.18602 520.02246 276.38016 1.000000000000000000e+00
0.0 1.800000000000000000e+01 230.12448 518.71765 274.16452 1.000000000000000000e+00
0.0 4.000000000000000000e+00 230.26877 515.2918 275.9379 1.000000000000000000e+00
0.0 1.100000000000000000e+01 226.43808 515.11896 275.83115 1.000000000000000000e+00
0.0 1.700000000000000000e+01 226.38573 515.9423 272.05838 1.000000000000000000e+00
0.0 1.500000000000000000e+01 229.01198 513.13934 271.5484 1.000000000000000000e+00
0.0 1.100000000000000000e+01 226.68303 510.6331 273.34518 1.000000000000000000e+00
0.0 1.000000000000000000e+01 223.75806 511.91794 271.15256 1.000000000000000000e+00
0.0 1.500000000000000000e+01 225.48288 511.5742 267.72495 1.000000000000000000e+00
0.0 5.000000000000000000e+00 226.72035 508.0355 268.63223 1.000000000000000000e+00
0.0 1.600000000000000000e+01 223.14372 507.06665 269.77402 1.000000000000000000e+00
0.0 1.100000000000000000e+01 224.536 505.92548 273.1941 1.000000000000000000e+00
0.0 1.100000000000000000e+01 221.70209 507.5343 275.26367 1.000000000000000000e+00
0.0 1.500000000000000000e+01 219.06015 504.89056 276.12277 1.000000000000000000e+00
0.0 9.000000000000000000e+00 216.90053 506.98978 278.52533 1.000000000000000000e+00
0.0 1.100000000000000000e+01 216.64026 510.49307 280.00366 1.000000000000000000e+00
0.0 1.000000000000000000e+01 215.4792 510.1716 283.6498 1.000000000000000000e+00
0.0 1.000000000000000000e+01 214.2123 513.2109 285.62698 1.000000000000000000e+00
0.0 7.000000000000000000e+00 213.94733 512.423 289.35706 1.000000000000000000e+00
0.0 8.000000000000000000e+00 211.81941 514.5814 291.73087 1.000000000000000000e+00
0.0 6.000000000000000000e+00 210.2764 516.06055 288.52634 1.000000000000000000e+00
0.0 1.600000000000000000e+01 207.88756 518.3313 290.56854 1.000000000000000000e+00
0.0 1.900000000000000000e+01 210.94077 520.6912 290.86536 1.000000000000000000e+00
0.0 1.000000000000000000e+01 210.03137 522.10443 287.34708 1.000000000000000000e+00
0.0 1.500000000000000000e+01 206.6448 523.38324 288.61115 1.000000000000000000e+00
0.0 1.200000000000000000e+01 206.37375 526.79004 290.2766 1.000000000000000000e+00
0.0 1.300000000000000000e+01 203.24236 525.25775 291.95566 1.000000000000000000e+00
0.0 2.000000000000000000e+00 205.51845 522.4671 293.34616 1.000000000000000000e+00
0.0 1.600000000000000000e+01 206.7095 522.7472 296.99356 1.000000000000000000e+00
0.0 7.000000000000000000e+00 210.46332 522.58887 296.00873 1.000000000000000000e+00
0.0 1.400000000000000000e+01 210.70926 524.6562 292.7548 1.000000000000000000e+00
0.0 5.000000000000000000e+00 214.2775 524.6703 291.23807 1.000000000000000000e+00
0.0 1.800000000000000000e+01 215.0993 527.16626 288.37872 1.000000000000000000e+00
0.0 7.000000000000000000e+00 217.6518 524.78314 286.72513 1.000000000000000000e+00
0.0 9.000000000000000000e+00 214.90662 522.1161 286.23203 1.000000000000000000e+00
0.0 1.100000000000000000e+01 213.31316 524.4533 283.58762 1.000000000000000000e+00
0.0 5.000000000000000000e+00 216.52942 524.0041 281.47253 1.000000000000000000e+00
0.0 1.100000000000000000e+01 215.71614 520.24646 281.18826 1.000000000000000000e+00
0.0 2.000000000000000000e+00 212.90392 520.86017 278.60114 1.000000000000000000e+00
0.0 6.000000000000000000e+00 215.4366 522.2708 276.06967 1.000000000000000000e+00
0.0 1.100000000000000000e+01 217.83911 519.37854 276.90457 1.000000000000000000e+00
0.0 5.000000000000000000e+00 215.00702 516.8214 276.40936 1.000000000000000000e+00
0.0 1.500000000000000000e+01 213.92192 518.337 273.02206 1.000000000000000000e+00
0.0 5.000000000000000000e+00 217.48656 517.66125 271.66058 1.000000000000000000e+00
0.0 1.100000000000000000e+01 217.20378 514.03046 272.96826 1.000000000000000000e+00
0.0 2.000000000000000000e+00 214.2567 513.11426 270.6293 1.000000000000000000e+00
0.0 1.600000000000000000e+01 215.65675 509.5353 270.11053 1.000000000000000000e+00
0.0 6.000000000000000000e+00 215.77252 508.694 273.88458 1.000000000000000000e+00
0.0 1.800000000000000000e+01 212.50615 508.15308 275.89078 1.000000000000000000e+00
0.0 1.900000000000000000e+01 212.02466 510.4686 278.89053 1.000000000000000000e+00
0.0 1.000000000000000000e+01 211.04137 509.05304 282.34384 1.000000000000000000e+00
0.0 6.000000000000000000e+00 209.76541 511.69238 284.81537 1.000000000000000000e+00
0.0 1.100000000000000000e+01 209.47874 510.52298 288.4832 1.000000000000000000e+00
0.0 4.000000000000000000e+00 208.00832 512.20044 291.6214 1.000000000000000000e+00
0.0 6.000000000000000000e+00 206.66104 511.42465 295.12473 1.000000000000000000e+00
0.0 4.000000000000000000e+00 203.96834 514.1655 294.84787 1.000000000000000000e+00
0.0 6.000000000000000000e+00 201.99365 515.7175 291.9781 1.000000000000000000e+00
0.0 4.000000000000000000e+00 198.76093 517.706 292.0558 1.000000000000000000e+00
0.0 1.800000000000000000e+01 196.9575 517.8364 288.62576 1.000000000000000000e+00
0.0 1.200000000000000000e+01 198.58989 521.2726 287.95532 1.000000000000000000e+00
0.0 1.000000000000000000e+01 202.09566 519.9417 288.8925 1.000000000000000000e+00
0.0 1.200000000000000000e+01 201.55641 516.93054 286.54468 1.000000000000000000e+00
0.0 8.000000000000000000e+00 200.54129 519.22595 283.61072 1.000000000000000000e+00
0.0 7.000000000000000000e+00 203.47102 521.5985 284.40726 1.000000000000000000e+00
0.0 1.000000000000000000e+01 205.79668 518.5025 284.312 1.000000000000000000e+00
0.0 1.400000000000000000e+01 204.47647 517.4307 280.87463 1.000000000000000000e+00
0.0 6.000000000000000000e+00 204.83354 521.01154 279.51938 1.000000000000000000e+00
0.0 6.000000000000000000e+00 208.1969 522.072 281.1 1.000000000000000000e+00
0.0 1.100000000000000000e+01 209.90315 518.72424 280.1856 1.000000000000000000e+00
0.0 1.600000000000000000e+01 208.22748 518.7916 276.66434 1.000000000000000000e+00
0.0 1.100000000000000000e+01 207.14258 515.0768 277.06375 1.000000000000000000e+00
0.0 3.000000000000000000e+00 205.97968 512.82904 274.0987 1.000000000000000000e+00
0.0 3.000000000000000000e+00 202.15308 512.85394 273.9837 1.000000000000000000e+00
0.0 1.800000000000000000e+01 200.45282 510.52628 274.85852 1.000000000000000000e+00
0.0 1.000000000000000000e+01 202.5582 510.1354 278.06674 1.000000000000000000e+00
0.0 6.000000000000000000e+00 202.24007 506.76398 279.8727 1.000000000000000000e+00
0.0 2.000000000000000000e+01 200.96237 507.6861 283.39877 1.000000000000000000e+00
0.0 1.400000000000000000e+01 201.56512 505.43002 286.4454 1.000000000000000000e+00
0.0 3.000000000000000000e+00 200.06467 507.00223 289.63745 1.000000000000000000e+00
0.0 4.000000000000000000e+00 199.89653 505.18588 293.0205 1.000000000000000000e+00
0.0 1.800000000000000000e+01 196.9096 506.3903 295.13705 1.000000000000000000e+00
0.0 1.900000000000000000e+01 197.97955 508.65802 298.04132 1.000000000000000000e+00
0.0 1.400000000000000000e+01 195.8699 506.6019 300.54776 1.000000000000000000e+00
0.0 5.000000000000000000e+00 197.68224 504.10983 302.84363 1.000000000000000000e+00
0.0 6.000000000000000000e+00 195.3732 502.0904 305.1347 1.000000000000000000e+00
0.0 1.700000000000000000e+01 198.27321 501.37253 307.5944 1.000000000000000000e+00
0.0 1.100000000000000000e+01 198.62074 505.12766 308.46606 1.000000000000000000e+00
0.0 1.400000000000000000e+01 196.3938 506.68338 311.16034 1.000000000000000000e+00
0.0 9.000000000000000000e+00 196.09093 510.51358 310.79272 1.000000000000000000e+00
0.0 7.000000000000000000e+00 195.16252 512.9712 313.60187 1.000000000000000000e+00
0.0 1.000000000000000000e+01 195.22906 516.7375 314.26068 1.000000000000000000e+00
0.0 1.200000000000000000e+01 195.73837 517.9889 317.8559 1.000000000000000000e+00
0.0 1.400000000000000000e+01 195.21964 521.6541 318.8966 1.000000000000000000e+00
0.0 3.000000000000000000e+00 198.02489 522.90094 321.24347 1.000000000000000000e+00
0.0 8.000000000000000000e+00 195.74007 525.6362 322.69418 1.000000000000000000e+00
0.0 1.100000000000000000e+01 193.6495 522.76294 324.2329 1.000000000000000000e+00
0.0 2.000000000000000000e+01 196.52956 520.61694 325.70007 1.000000000000000000e+00
0.0 1.500000000000000000e+01 197.51514 521.31824 329.35373 1.000000000000000000e+00
0.0 7.000000000000000000e+00 200.88155 519.4679 328.9559 1.000000000000000000e+00
0.0 1.800000000000000000e+01 201.92424 519.563 325.24207 1.000000000000000000e+00
0.0 9.000000000000000000e+00 205.20361 517.67175 326.0035 1.000000000000000000e+00
0.0 2.000000000000000000e+00 203.43367 514.9473 328.0627 1.000000000000000000e+00
0.0 1.700000000000000000e+01 200.90916 514.4693 325.20636 1.000000000000000000e+00
0.0 1.100000000000000000e+01 203.83514 514.0968 322.71667 1.000000000000000000e+00
0.0 3.000000000000000000e+00 205.76749 511.65167 325.02 1.000000000000000000e+00
0.0 7.000000000000000000e+00 202.64252 509.4588 325.54218 1.000000000000000000e+00
0.0 1.400000000000000000e+01 201.97601 509.4915 321.74225 1.000000000000000000e+00
0.0 1.900000000000000000e+01 205.62093 508.41818 321.11774 1.000000000000000000e+00
0.0 1.100000000000000000e+01 205.38039 505.56473 323.71155 1.000000000000000000e+00
0.0 3.000000000000000000e+00 201.94829 504.29526 322.4866 1.000000000000000000e+00
0.0 6.000000000000000000e+00 203.22755 504.29382 318.87415 1.000000000000000000e+00
0.0 1.100000000000000000e+01 206.41383 502.54764 318.79803 1.000000000000000000e+00
0.0 2.000000000000000000e+00 209.56543 501.50696 320.25433 0.000000000000000000e+00
0.0 1.200000000000000000e+01 211.40565 498.9511 318.3822 0.000000000000000000e+00
0.0 8.000000000000000000e+00 208.69666 496.20825 318.49084 0.000000000000000000e+00
0.0 6.000000000000000000e+00 207.02054 495.51846 321.85355 0.000000000000000000e+00
0.0 7.000000000000000000e+00 205.90749 494.3262 325.61157 0.000000000000000000e+00
0.0 3.000000000000000000e+00 207.62779 495.37625 328.9429 0.000000000000000000e+00
0.0 2.000000000000000000e+00 210.50868 497.2027 327.17783 0.000000000000000000e+00
0.0 1.100000000000000000e+01 212.00777 498.22263 324.18634 0.000000000000000000e+00
0.0 1.500000000000000000e+01 212.19987 494.60815 322.97424 0.000000000000000000e+00
0.0 2.000000000000000000e+00 215.48676 492.80658 322.1659 0.000000000000000000e+00
0.0 1.900000000000000000e+01 218.32141 494.55728 320.62344 1.000000000000000000e+00
0.0 2.000000000000000000e+00 218.70058 497.57724 322.98343 1.000000000000000000e+00
0.0 2.000000000000000000e+01 220.08212 501.14194 323.28528 1.000000000000000000e+00
0.0 1.000000000000000000e+01 221.97606 502.74652 326.24057 1.000000000000000000e+00
0.0 9.000000000000000000e+00 221.91772 506.5846 326.00354 1.000000000000000000e+00
0.0 1.900000000000000000e+01 224.64647 508.61667 327.77106 1.000000000000000000e+00
0.0 5.000000000000000000e+00 225.74876 512.30444 327.88184 1.000000000000000000e+00
0.0 4.000000000000000000e+00 229.5349 512.07776 327.22913 1.000000000000000000e+00
0.0 5.000000000000000000e+00 231.78714 510.2102 324.77078 1.000000000000000000e+00
0.0 8.000000000000000000e+00 233.97227 508.95706 327.61163 1.000000000000000000e+00
0.0 6.000000000000000000e+00 230.93228 507.40262 329.40222 1.000000000000000000e+00
0.0 1.900000000000000000e+01 229.8158 505.8489 326.04486 1.000000000000000000e+00
0.0 8.000000000000000000e+00 233.14978 503.97543 325.663 1.000000000000000000e+00
0.0 1.200000000000000000e+01 233.31868 503.0081 329.40787 1.000000000000000000e+00
0.0 1.100000000000000000e+01 229.72552 501.59082 329.4508 1.000000000000000000e+00
0.0 6.000000000000000000e+00 230.41327 499.54648 326.2697 1.000000000000000000e+00
0.0 2.000000000000000000e+01 233.50665 498.0237 328.0035 1.000000000000000000e+00
0.0 8.000000000000000000e+00 231.70009 497.4548 331.3908 1.000000000000000000e+00
0.0 1.100000000000000000e+01 228.68347 495.72552 329.75018 1.000000000000000000e+00
0.0 1.500000000000000000e+01 230.92223 493.57178 327.47165 1.000000000000000000e+00
0.0 1.900000000000000000e+01 233.20114 492.5135 330.39563 1.000000000000000000e+00
0.0 5.000000000000000000e+00 229.98976 491.6737 332.40488 1.000000000000000000e+00
0.0 2.000000000000000000e+00 228.68979 489.3089 329.62234 1.000000000000000000e+00
0.0 1.000000000000000000e+01 226.5464 491.72046 327.46243 1.000000000000000000e+00
0.0 1.700000000000000000e+01 228.22473 492.34286 324.05032 1.000000000000000000e+00
0.0 6.000000000000000000e+00 228.03976 496.14792 323.7121 1.000000000000000000e+00
0.0 3.000000000000000000e+00 229.56194 498.77515 321.33408 1.000000000000000000e+00
0.0 6.000000000000000000e+00 229.96169 502.55084 321.68097 1.000000000000000000e+00
0.0 9.000000000000000000e+00 228.41331 504.99997 319.1543 1.000000000000000000e+00
0.0 1.600000000000000000e+01 229.39386 508.6668 319.07373 1.000000000000000000e+00
0.0 6.000000000000000000e+00 230.4966 511.51068 316.74594 1.000000000000000000e+00
0.0 2.000000000000000000e+00 234.15076 510.89264 317.91525 1.000000000000000000e+00
0.0 1.100000000000000000e+01 234.41855 507.60638 315.87485 1.000000000000000000e+00
0.0 3.000000000000000000e+00 235.60434 507.3985 312.21454 1.000000000000000000e+00
0.0 6.000000000000000000e+00 232.8553 507.51843 309.54645 1.000000000000000000e+00
0.0 1.500000000000000000e+01 233.50447 503.83087 308.5969 1.000000000000000000e+00
0.0 8.000000000000000000e+00 233.46974 502.70758 312.28818 1.000000000000000000e+00
0.0 5.000000000000000000e+00 230.03601 504.36972 312.81693 1.000000000000000000e+00
0.0 4.000000000000000000e+00 228.61319 502.64087 309.6898 1.000000000000000000e+00
0.0 1.100000000000000000e+01 230.11652 499.28113 310.8357 1.000000000000000000e+00
0.0 1.000000000000000000e+01 228.80725 499.49725 314.47186 1.000000000000000000e+00
0.0 1.200000000000000000e+01 225.38307 500.647 313.1599 1.000000000000000000e+00
0.0 1.700000000000000000e+01 225.22473 497.75272 310.62402 1.000000000000000000e+00
0.0 7.000000000000000000e+00 226.3817 495.1345 313.22293 1.000000000000000000e+00
0.0 1.300000000000000000e+01 223.58234 496.3484 315.6047 1.000000000000000000e+00
0.0 1.000000000000000000e+00 221.03387 496.33044 312.7132 1.000000000000000000e+00
0.0 8.000000000000000000e+00 222.22916 492.73834 311.87018 1.000000000000000000e+00
0.0 8.000000000000000000e+00 221.93398 491.74484 315.64038 1.000000000000000000e+00
0.0 3.000000000000000000e+00 225.66576 490.6851 315.90204 1.000000000000000000e+00
0.0 1.000000000000000000e+01 225.79579 493.47568 318.5506 1.000000000000000000e+00
0.0 1.800000000000000000e+01 222.62833 493.2364 320.74805 1.000000000000000000e+00
0.0 1.000000000000000000e+01 223.43004 496.4719 322.71848 1.000000000000000000e+00
0.0 2.000000000000000000e+01 224.47932 499.86676 321.31662 1.000000000000000000e+00
0.0 1.000000000000000000e+01 225.76166 502.3607 323.89273 1.000000000000000000e+00
0.0 6.000000000000000000e+00 225.20363 505.78717 322.3323 1.000000000000000000e+00
0.0 4.000000000000000000e+00 225.27205 509.55832 322.61758 1.000000000000000000e+00
0.0 2.000000000000000000e+01 222.36908 511.73416 321.19064 1.000000000000000000e+00
0.0 1.500000000000000000e+01 224.15108 511.4359 317.75247 1.000000000000000000e+00
0.0 1.400000000000000000e+01 222.29811 508.0295 317.46252 1.000000000000000000e+00
0.0 2.000000000000000000e+00 219.08876 510.14243 317.29056 1.000000000000000000e+00
0.0 1.000000000000000000e+00 217.46948 509.53314 313.9178 1.000000000000000000e+00
0.0 2.000000000000000000e+00 215.8167 511.50726 310.6707 0.000000000000000000e+00
0.0 1.000000000000000000e+01 216.14517 509.13824 308.05267 0.000000000000000000e+00
0.0 7.000000000000000000e+00 216.2709 505.2263 308.23694 0.000000000000000000e+00
0.0 3.000000000000000000e+00 213.43538 504.18954 305.84116 1.000000000000000000e+00
0.0 6.000000000000000000e+00 211.06078 501.43274 307.0388 1.000000000000000000e+00
0.0 1.700000000000000000e+01 211.03772 502.16547 310.8378 1.000000000000000000e+00
0.0 1.000000000000000000e+01 209.67801 505.7781 310.83954 1.000000000000000000e+00
0.0 5.000000000000000000e+00 207.6167 505.8652 314.09338 1.000000000000000000e+00
0.0 1.400000000000000000e+01 206.36699 509.43967 313.58582 1.000000000000000000e+00
0.0 1.000000000000000000e+01 205.85608 512.3135 311.17737 1.000000000000000000e+00
0.0 6.000000000000000000e+00 205.03938 515.66425 312.85376 1.000000000000000000e+00
0.0 1.600000000000000000e+01 204.0022 518.68085 310.72766 1.000000000000000000e+00
0.0 1.300000000000000000e+01 205.06424 521.7299 312.78543 1.000000000000000000e+00
0.0 1.700000000000000000e+01 203.45786 523.95886 310.10413 1.000000000000000000e+00
0.0 2.000000000000000000e+01 200.46301 523.2521 307.81113 1.000000000000000000e+00
0.0 6.000000000000000000e+00 201.63358 521.89233 304.41092 1.000000000000000000e+00
0.0 3.000000000000000000e+00 201.02853 523.676 301.03687 1.000000000000000000e+00
0.0 1.500000000000000000e+01 198.34329 521.0729 300.05823 1.000000000000000000e+00
0.0 1.000000000000000000e+00 196.36096 517.98236 301.17966 1.000000000000000000e+00
0.0 6.000000000000000000e+00 198.2272 515.88367 298.54462 1.000000000000000000e+00
0.0 2.000000000000000000e+00 201.61258 517.1167 299.91165 1.000000000000000000e+00
0.0 9.000000000000000000e+00 200.55371 516.41315 303.54526 1.000000000000000000e+00
0.0 9.000000000000000000e+00 199.5345 512.80334 302.63168 1.000000000000000000e+00
0.0 1.200000000000000000e+01 202.84027 512.2168 300.71103 1.000000000000000000e+00
0.0 8.000000000000000000e+00 204.83693 513.6286 303.7093 1.000000000000000000e+00
0.0 1.500000000000000000e+01 202.89749 511.84302 306.55222 1.000000000000000000e+00
0.0 2.000000000000000000e+00 202.86429 508.6082 304.43774 1.000000000000000000e+00
0.0 5.000000000000000000e+00 206.631 508.15405 305.2493 1.000000000000000000e+00
0.0 6.000000000000000000e+00 205.52216 506.86035 308.67862 1.000000000000000000e+00
0.0 2.000000000000000000e+00 205.17567 503.111 309.4067 1.000000000000000000e+00
0.0 5.000000000000000000e+00 206.49411 501.52933 306.12878 1.000000000000000000e+00
0.0 7.000000000000000000e+00 207.44876 498.46805 308.24225 1.000000000000000000e+00
0.0 2.000000000000000000e+00 203.66861 498.08093 309.0261 1.000000000000000000e+00
0.0 3.000000000000000000e+00 204.25821 498.72485 312.79694 1.000000000000000000e+00
0.0 1.800000000000000000e+01 202.24896 501.4563 314.66348 1.000000000000000000e+00
0.0 1.500000000000000000e+01 203.25415 505.05112 313.8005 1.000000000000000000e+00
0.0 1.300000000000000000e+01 201.85063 508.56442 314.48932 1.000000000000000000e+00
0.0 1.900000000000000000e+01 201.01167 511.40454 312.03314 1.000000000000000000e+00
0.0 5.000000000000000000e+00 200.52872 514.7652 313.86072 1.000000000000000000e+00
0.0 1.100000000000000000e+01 199.58867 518.1737 312.35513 1.000000000000000000e+00
0.0 9.000000000000000000e+00 200.30284 521.2881 314.49796 1.000000000000000000e+00
0.0 9.000000000000000000e+00 197.68681 523.70917 313.1168 1.000000000000000000e+00
0.0 1.500000000000000000e+01 197.30629 527.42664 313.75412 1.000000000000000000e+00
0.0 5.000000000000000000e+00 195.22176 530.1522 312.0442 1.000000000000000000e+00
0.0 1.700000000000000000e+01 198.4226 532.2798 312.1128 1.000000000000000000e+00
0.0 7.000000000000000000e+00 200.34593 529.55615 310.12564 1.000000000000000000e+00
0.0 5.000000000000000000e+00 197.29425 529.0378 307.8001 1.000000000000000000e+00
0.0 7.000000000000000000e+00 197.12138 532.75574 306.9413 1.000000000000000000e+00
0.0 1.200000000000000000e+01 200.92082 532.9778 306.39005 1.000000000000000000e+00
0.0 1.000000000000000000e+01 200.67503 529.97986 303.94388 1.000000000000000000e+00
0.0 1.500000000000000000e+01 197.47624 531.3503 302.25162 1.000000000000000000e+00
0.0 1.400000000000000000e+01 199.24843 534.7367 301.76096 1.000000000000000000e+00
0.0 1.100000000000000000e+01 202.37102 532.99817 300.31244 1.000000000000000000e+00
0.0 2.000000000000000000e+01 200.23236 530.8405 297.91507 1.000000000000000000e+00
0.0 5.000000000000000000e+00 198.14932 533.90295 296.7983 1.000000000000000000e+00
0.0 3.000000000000000000e+00 201.46945 535.8332 296.28012 1.000000000000000000e+00
0.0 8.000000000000000000e+00 202.9142 532.9159 294.21512 1.000000000000000000e+00
0.0 1.000000000000000000e+01 199.63763 532.8215 292.1479 1.000000000000000000e+00
0.0 6.000000000000000000e+00 199.53218 536.63477 291.5588 1.000000000000000000e+00
0.0 3.000000000000000000e+00 203.17102 536.49396 290.21143 1.000000000000000000e+00
0.0 1.100000000000000000e+01 202.11566 533.7569 287.74252 1.000000000000000000e+00
0.0 1.200000000000000000e+01 199.01562 535.78424 286.66815 1.000000000000000000e+00
0.0 8.000000000000000000e+00 201.24605 538.9026 286.13022 1.000000000000000000e+00
0.0 3.000000000000000000e+00 203.35646 536.7406 283.6905 1.000000000000000000e+00
0.0 5.000000000000000000e+00 200.81314 534.4666 281.86456 1.000000000000000000e+00
0.0 2.000000000000000000e+00 197.31697 535.8578 282.5731 1.000000000000000000e+00
0.0 1.700000000000000000e+01 194.7619 534.023 284.74673 1.000000000000000000e+00
0.0 3.000000000000000000e+00 194.55023 530.1725 284.43912 1.000000000000000000e+00
0.0 6.000000000000000000e+00 192.13885 527.6153 285.99884 1.000000000000000000e+00
0.0 1.500000000000000000e+01 195.23074 526.0374 287.7082 1.000000000000000000e+00
0.0 7.000000000000000000e+00 195.7195 529.23706 289.77225 1.000000000000000000e+00
0.0 3.000000000000000000e+00 192.4398 528.26056 291.56616 1.000000000000000000e+00
0.0 6.000000000000000000e+00 193.59526 524.5942 291.82333 1.000000000000000000e+00
0.0 4.000000000000000000e+00 196.63806 525.63275 293.955 1.000000000000000000e+00
0.0 2.000000000000000000e+01 194.3425 527.5274 296.40417 1.000000000000000000e+00
0.0 1.000000000000000000e+00 191.66959 524.73486 296.5918 1.000000000000000000e+00
0.0 6.000000000000000000e+00 194.4035 522.1115 297.30383 1.000000000000000000e+00
0.0 1.400000000000000000e+01 195.45847 524.1993 300.3803 1.000000000000000000e+00
0.0 7.000000000000000000e+00 191.87677 525.05554 301.50247 1.000000000000000000e+00
0.0 6.000000000000000000e+00 191.11987 521.25946 301.54596 1.000000000000000000e+00
0.0 1.100000000000000000e+01 193.93651 520.85034 304.18048 1.000000000000000000e+00
0.0 1.000000000000000000e+01 192.50172 523.7903 306.21677 1.000000000000000000e+00
0.0 4.000000000000000000e+00 189.12222 521.9526 306.0677 1.000000000000000000e+00
0.0 1.400000000000000000e+01 190.88158 518.71625 307.25217 1.000000000000000000e+00
0.0 1.900000000000000000e+01 192.0637 520.6738 310.3706 1.000000000000000000e+00
0.0 8.000000000000000000e+00 188.84822 522.68097 311.1611 1.000000000000000000e+00
0.0 8.000000000000000000e+00 186.16971 520.04694 309.995 1.000000000000000000e+00
0.0 1.100000000000000000e+01 184.81102 517.6577 312.69446 1.000000000000000000e+00
0.0 2.000000000000000000e+00 185.22632 514.1177 311.31006 1.000000000000000000e+00
0.0 1.900000000000000000e+01 187.37338 510.99454 310.87836 1.000000000000000000e+00
0.0 5.000000000000000000e+00 190.80643 512.1967 309.56134 1.000000000000000000e+00
0.0 1.600000000000000000e+01 191.05014 509.0338 307.39023 1.000000000000000000e+00
0.0 6.000000000000000000e+00 187.56367 509.69598 305.87875 1.000000000000000000e+00
0.0 6.000000000000000000e+00 188.63719 513.2815 304.9454 1.000000000000000000e+00
0.0 2.000000000000000000e+01 191.75172 511.7912 303.19196 1.000000000000000000e+00
0.0 6.000000000000000000e+00 189.53326 509.20578 301.36713 1.000000000000000000e+00
0.0 3.000000000000000000e+00 187.00433 511.98685 300.36142 1.000000000000000000e+00
0.0 9.000000000000000000e+00 189.91821 513.9909 298.80722 1.000000000000000000e+00
0.0 1.400000000000000000e+01 191.39604 511.05203 296.77484 1.000000000000000000e+00
0.0 2.000000000000000000e+00 188.01814 509.52185 295.6866 1.000000000000000000e+00
0.0 7.000000000000000000e+00 188.43227 506.35986 297.83478 1.000000000000000000e+00
0.0 6.000000000000000000e+00 185.91542 504.1724 299.71085 1.000000000000000000e+00
0.0 1.100000000000000000e+01 185.02399 505.15015 303.3234 1.000000000000000000e+00
0.0 1.800000000000000000e+01 187.70903 503.59772 305.63977 1.000000000000000000e+00
0.0 6.000000000000000000e+00 186.92603 501.34625 308.65503 1.000000000000000000e+00
0.0 1.900000000000000000e+01 188.8801 503.5683 311.12265 1.000000000000000000e+00
0.0 6.000000000000000000e+00 188.9026 501.54932 314.39764 1.000000000000000000e+00
0.0 3.000000000000000000e+00 190.28093 504.29776 316.80316 1.000000000000000000e+00
0.0 2.000000000000000000e+00 193.04993 505.19492 314.2103 1.000000000000000000e+00
0.0 1.900000000000000000e+01 192.633 509.0149 314.5939 1.000000000000000000e+00
0.0 7.000000000000000000e+00 191.8322 511.6866 317.26187 1.000000000000000000e+00
0.0 1.600000000000000000e+01 188.14029 511.90738 316.17917 1.000000000000000000e+00
0.0 1.900000000000000000e+01 187.73866 508.0655 316.16373 1.000000000000000000e+00
0.0 1.200000000000000000e+01 189.46031 507.85736 319.61142 1.000000000000000000e+00
0.0 1.700000000000000000e+01 187.5772 510.74173 321.36148 1.000000000000000000e+00
0.0 1.800000000000000000e+01 185.28426 512.93823 319.12497 1.000000000000000000e+00
0.0 4.000000000000000000e+00 184.11069 515.0059 322.17218 1.000000000000000000e+00
0.0 6.000000000000000000e+00 187.75084 515.9904 322.94992 1.000000000000000000e+00
0.0 1.000000000000000000e+01 188.22571 517.0334 319.2557 1.000000000000000000e+00
0.0 5.000000000000000000e+00 184.98383 519.1113 319.41855 1.000000000000000000e+00
0.0 5.000000000000000000e+00 185.93709 520.891 322.72583 1.000000000000000000e+00
0.0 5.000000000000000000e+00 189.35477 521.83673 321.19864 1.000000000000000000e+00
0.0 1.100000000000000000e+01 187.72087 523.31445 318.03867 1.000000000000000000e+00
0.0 8.000000000000000000e+00 185.22673 525.3127 320.21472 1.000000000000000000e+00
0.0 6.000000000000000000e+00 188.283 526.56006 322.21667 1.000000000000000000e+00
0.0 1.100000000000000000e+01 190.15402 527.6676 319.01334 1.000000000000000000e+00
0.0 8.000000000000000000e+00 187.00781 529.66077 318.04758 1.000000000000000000e+00
0.0 5.000000000000000000e+00 186.7586 531.28107 321.5453 1.000000000000000000e+00
0.0 1.500000000000000000e+01 190.52206 532.1796 321.47235 1.000000000000000000e+00
0.0 1.500000000000000000e+01 189.7154 534.48334 318.47162 1.000000000000000000e+00
0.0 1.500000000000000000e+01 188.24216 536.2135 315.2021 1.000000000000000000e+00
0.0 1.300000000000000000e+01 189.72978 538.75214 312.54022 0.000000000000000000e+00
0.0 1.500000000000000000e+01 189.26529 541.3549 309.70923 0.000000000000000000e+00
0.0 3.000000000000000000e+00 189.63284 543.853 307.2931 0.000000000000000000e+00
0.0 4.000000000000000000e+00 186.42857 545.52966 306.6105 0.000000000000000000e+00
0.0 1.900000000000000000e+01 185.13077 548.97375 305.914 0.000000000000000000e+00
0.0 2.000000000000000000e+01 183.45866 549.7414 309.3888 0.000000000000000000e+00
0.0 2.000000000000000000e+00 182.4012 552.116 312.04205 0.000000000000000000e+00
0.0 1.800000000000000000e+01 181.66205 551.20935 315.9589 0.000000000000000000e+00
0.0 1.500000000000000000e+01 178.69145 548.99115 314.5106 0.000000000000000000e+00
0.0 1.200000000000000000e+01 175.6138 549.4829 312.39853 0.000000000000000000e+00
0.0 2.000000000000000000e+00 175.66418 552.9552 313.80966 0.000000000000000000e+00
0.0 1.700000000000000000e+01 176.93039 555.93567 316.17688 0.000000000000000000e+00
0.0 2.000000000000000000e+00 180.05244 555.4253 318.43124 0.000000000000000000e+00
0.0 1.400000000000000000e+01 178.57616 556.2507 321.98514 0.000000000000000000e+00
0.0 7.000000000000000000e+00 175.22408 556.4093 323.1079 0.000000000000000000e+00
0.0 1.800000000000000000e+01 173.1946 552.9509 323.4847 0.000000000000000000e+00
0.0 8.000000000000000000e+00 169.60379 554.1893 322.69968 0.000000000000000000e+00
0.0 1.100000000000000000e+01 166.23357 556.57434 323.17905 0.000000000000000000e+00
0.0 9.000000000000000000e+00 163.40097 556.805 325.1323 0.000000000000000000e+00
0.0 8.000000000000000000e+00 161.59596 560.25146 325.00494 0.000000000000000000e+00
0.0 2.000000000000000000e+00 164.37337 562.5819 325.64615 0.000000000000000000e+00
0.0 2.000000000000000000e+00 167.33128 561.16266 326.58057 0.000000000000000000e+00
0.0 5.000000000000000000e+00 169.69006 563.05164 324.31592 0.000000000000000000e+00
0.0 3.000000000000000000e+00 170.24805 564.526 320.75977 0.000000000000000000e+00
0.0 2.000000000000000000e+00 170.83421 563.1957 317.35983 0.000000000000000000e+00
0.0 9.000000000000000000e+00 169.39774 564.478 314.42313 0.000000000000000000e+00
0.0 2.000000000000000000e+00 166.50966 566.32635 315.76154 0.000000000000000000e+00
0.0 7.000000000000000000e+00 165.25638 569.02856 317.9246 0.000000000000000000e+00
0.0 1.400000000000000000e+01 167.58264 571.8863 318.3667 0.000000000000000000e+00
0.0 1.500000000000000000e+01 170.09338 570.3174 320.6005 0.000000000000000000e+00
0.0 5.000000000000000000e+00 173.25757 571.3953 322.643 0.000000000000000000e+00
0.0 9.000000000000000000e+00 177.06935 571.464 323.2967 0.000000000000000000e+00
0.0 7.000000000000000000e+00 177.27562 575.50024 324.08524 0.000000000000000000e+00
0.0 8.000000000000000000e+00 177.4772 578.57367 326.33612 0.000000000000000000e+00
0.0 2.000000000000000000e+00 179.65869 580.82263 328.42844 0.000000000000000000e+00
0.0 1.500000000000000000e+01 183.12523 581.47943 327.14563 0.000000000000000000e+00
0.0 2.000000000000000000e+00 183.92418 577.86115 326.04797 0.000000000000000000e+00
0.0 2.000000000000000000e+00 187.42728 578.7057 325.07507 0.000000000000000000e+00
0.0 1.500000000000000000e+01 191.00024 577.1399 325.9879 0.000000000000000000e+00
0.0 2.000000000000000000e+00 189.01962 576.66504 329.07156 1.000000000000000000e+00
0.0 7.000000000000000000e+00 191.72276 574.9048 331.25882 1.000000000000000000e+00
0.0 8.000000000000000000e+00 194.11916 573.21027 328.70895 1.000000000000000000e+00
0.0 2.000000000000000000e+00 196.8436 575.90796 329.17978 1.000000000000000000e+00
0.0 5.000000000000000000e+00 197.03975 575.1918 332.9711 1.000000000000000000e+00
0.0 7.000000000000000000e+00 197.17377 571.413 332.41122 1.000000000000000000e+00
0.0 8.000000000000000000e+00 199.90906 572.0613 329.7367 1.000000000000000000e+00
0.0 6.000000000000000000e+00 201.96953 574.1745 332.21072 1.000000000000000000e+00
0.0 1.600000000000000000e+01 201.67075 571.5073 334.9659 1.000000000000000000e+00
0.0 3.000000000000000000e+00 202.6392 568.7439 332.40533 1.000000000000000000e+00
0.0 5.000000000000000000e+00 205.73305 570.84546 331.3612 1.000000000000000000e+00
0.0 8.000000000000000000e+00 206.91104 571.47943 334.9764 1.000000000000000000e+00
0.0 1.300000000000000000e+01 206.25835 567.8046 335.87808 1.000000000000000000e+00
0.0 1.700000000000000000e+01 208.22722 566.7266 332.746 1.000000000000000000e+00
0.0 1.100000000000000000e+01 211.22522 568.9451 333.7933 1.000000000000000000e+00
0.0 1.400000000000000000e+01 210.98024 567.5779 337.38406 1.000000000000000000e+00
0.0 9.000000000000000000e+00 210.71094 564.01056 335.95087 1.000000000000000000e+00
0.0 1.200000000000000000e+01 213.77531 564.60724 333.6821 1.000000000000000000e+00
0.0 3.000000000000000000e+00 215.73943 565.96844 336.73224 1.000000000000000000e+00
0.0 1.200000000000000000e+01 214.57701 562.8884 338.76938 1.000000000000000000e+00
0.0 1.000000000000000000e+00 215.65063 560.56384 335.8587 1.000000000000000000e+00
0.0 1.200000000000000000e+01 219.06453 562.3396 335.58737 1.000000000000000000e+00
0.0 1.100000000000000000e+01 219.53131 561.78186 339.3829 1.000000000000000000e+00
0.0 5.000000000000000000e+00 218.82683 558.0165 338.71622 1.000000000000000000e+00
0.0 3.000000000000000000e+00 221.5784 558.052 336.0291 1.000000000000000000e+00
0.0 2.000000000000000000e+00 224.09804 557.78796 338.89664 1.000000000000000000e+00
0.0 3.000000000000000000e+00 227.0131 560.2892 338.45456 1.000000000000000000e+00
0.0 7.000000000000000000e+00 229.24403 559.9016 335.40494 1.000000000000000000e+00
0.0 1.800000000000000000e+01 232.73782 559.01855 336.736 1.000000000000000000e+00
0.0 3.000000000000000000e+00 234.94073 562.0868 337.39447 1.000000000000000000e+00
0.0 2.000000000000000000e+01 236.9854 562.8725 334.25754 1.000000000000000000e+00
0.0 8.000000000000000000e+00 240.11192 560.7251 334.74387 1.000000000000000000e+00
0.0 8.000000000000000000e+00 242.8977 563.24976 334.1524 1.000000000000000000e+00
0.0 1.400000000000000000e+01 245.2737 562.1379 331.37546 1.000000000000000000e+00
0.0 1.000000000000000000e+01 248.56622 561.1625 333.04276 1.000000000000000000e+00
0.0 1.800000000000000000e+01 251.35881 561.45044 330.3714 1.000000000000000000e+00
0.0 1.800000000000000000e+01 253.66327 558.4469 329.60223 1.000000000000000000e+00
0.0 7.000000000000000000e+00 256.887 557.91003 331.60626 1.000000000000000000e+00
0.0 8.000000000000000000e+00 260.13898 558.6776 329.6069 1.000000000000000000e+00
0.0 1.700000000000000000e+01 260.90964 554.9196 329.11917 1.000000000000000000e+00
0.0 1.900000000000000000e+01 257.4168 554.02734 327.6819 1.000000000000000000e+00
0.0 1.800000000000000000e+01 257.80032 551.5256 324.70288 1.000000000000000000e+00
0.0 1.100000000000000000e+01 254.34735 552.3834 323.17154 1.000000000000000000e+00
0.0 3.000000000000000000e+00 254.10365 553.78644 319.60303 1.000000000000000000e+00
0.0 8.000000000000000000e+00 251.73094 556.8269 319.90335 1.000000000000000000e+00
0.0 6.000000000000000000e+00 251.7428 556.67554 323.80576 1.000000000000000000e+00
0.0 1.500000000000000000e+01 250.34581 560.2993 324.02393 1.000000000000000000e+00
0.0 1.500000000000000000e+01 247.4276 559.5625 321.58514 1.000000000000000000e+00
0.0 5.000000000000000000e+00 243.9656 560.3299 323.15146 1.000000000000000000e+00
0.0 5.000000000000000000e+00 242.25572 558.74994 320.04742 1.000000000000000000e+00
0.0 2.000000000000000000e+01 240.23555 556.181 322.11063 1.000000000000000000e+00
0.0 1.800000000000000000e+01 238.08386 557.8315 324.86496 1.000000000000000000e+00
0.0 5.000000000000000000e+00 238.62746 556.35626 328.39697 1.000000000000000000e+00
0.0 1.100000000000000000e+01 241.77255 554.33374 327.39713 1.000000000000000000e+00
0.0 4.000000000000000000e+00 244.78387 555.0647 329.71198 1.000000000000000000e+00
0.0 1.000000000000000000e+01 248.56314 554.64197 329.0032 1.000000000000000000e+00
0.0 3.000000000000000000e+00 248.82121 551.99054 331.81384 1.000000000000000000e+00
0.0 6.000000000000000000e+00 245.97083 550.03064 330.12897 1.000000000000000000e+00
0.0 5.000000000000000000e+00 248.00842 549.91437 326.831 1.000000000000000000e+00
0.0 8.000000000000000000e+00 251.23909 548.93115 328.71817 1.000000000000000000e+00
0.0 1.600000000000000000e+01 249.27687 546.0124 330.26672 1.000000000000000000e+00
0.0 1.900000000000000000e+01 248.0802 545.0252 326.735 1.000000000000000000e+00
0.0 1.100000000000000000e+01 251.68228 545.1675 325.3795 1.000000000000000000e+00
0.0 5.000000000000000000e+00 252.97878 542.86145 328.19196 1.000000000000000000e+00
0.0 1.100000000000000000e+01 250.25766 540.2615 327.38828 1.000000000000000000e+00
0.0 1.100000000000000000e+01 251.5783 540.22375 323.75388 1.000000000000000000e+00
0.0 8.000000000000000000e+00 255.25296 540.03906 324.95255 1.000000000000000000e+00
0.0 8.000000000000000000e+00 254.34248 537.09125 327.2996 1.000000000000000000e+00
0.0 6.000000000000000000e+00 252.3958 535.2904 324.49576 1.000000000000000000e+00
0.0 1.100000000000000000e+01 255.17857 535.7729 321.86295 1.000000000000000000e+00
0.0 1.500000000000000000e+01 257.80786 534.63947 324.4424 1.000000000000000000e+00
0.0 1.500000000000000000e+01 255.73454 531.4352 325.00485 1.000000000000000000e+00
0.0 1.700000000000000000e+01 255.6227 530.8465 321.18677 1.000000000000000000e+00
0.0 5.000000000000000000e+00 259.46146 531.3335 320.94632 1.000000000000000000e+00
0.0 1.200000000000000000e+01 260.11392 528.6785 323.66083 1.000000000000000000e+00
0.0 1.500000000000000000e+01 258.93362 526.21765 320.91635 1.000000000000000000e+00
0.0 4.000000000000000000e+00 261.07596 527.89246 318.11612 1.000000000000000000e+00
0.0 5.000000000000000000e+00 264.90503 528.31586 318.5442 1.000000000000000000e+00
0.0 4.000000000000000000e+00 266.04684 531.469 316.62665 1.000000000000000000e+00
0.0 6.000000000000000000e+00 266.30997 535.3516 316.89746 1.000000000000000000e+00
0.0 7.000000000000000000e+00 266.95953 538.1536 319.50345 1.000000000000000000e+00
0.0 8.000000000000000000e+00 264.9122 539.548 322.46432 1.000000000000000000e+00
0.0 6.000000000000000000e+00 264.83664 543.0226 320.7946 1.000000000000000000e+00
0.0 7.000000000000000000e+00 262.9235 541.5358 317.78683 1.000000000000000000e+00
0.0 1.100000000000000000e+01 260.13184 540.18823 320.10962 1.000000000000000000e+00
0.0 5.000000000000000000e+00 259.61337 543.5893 321.80725 1.000000000000000000e+00
0.0 6.000000000000000000e+00 259.51245 545.2722 318.35486 1.000000000000000000e+00
0.0 3.000000000000000000e+00 256.87396 542.6993 317.13004 1.000000000000000000e+00
0.0 6.000000000000000000e+00 254.80441 543.107 320.35474 1.000000000000000000e+00
0.0 1.000000000000000000e+01 254.84904 546.9595 320.0027 1.000000000000000000e+00
0.0 8.000000000000000000e+00 253.64978 546.6156 316.3573 1.000000000000000000e+00
0.0 1.100000000000000000e+01 250.78993 544.2182 317.3199 1.000000000000000000e+00
0.0 8.000000000000000000e+00 249.75957 546.76447 320.0169 1.000000000000000000e+00
0.0 1.600000000000000000e+01 250.02852 549.7087 317.5474 1.000000000000000000e+00
0.0 8.000000000000000000e+00 247.99901 547.8411 314.84146 1.000000000000000000e+00
0.0 4.000000000000000000e+00 245.22044 546.8859 317.3449 1.000000000000000000e+00
0.0 1.400000000000000000e+01 245.26762 550.462 318.78094 1.000000000000000000e+00
0.0 5.000000000000000000e+00 245.0447 551.98016 315.21967 1.000000000000000000e+00
0.0 1.700000000000000000e+01 242.09833 549.66956 314.29916 1.000000000000000000e+00
0.0 6.000000000000000000e+00 240.06163 550.19495 317.55615 1.000000000000000000e+00
0.0 3.000000000000000000e+00 237.34637 552.92285 318.05325 1.000000000000000000e+00
0.0 1.000000000000000000e+01 236.3552 552.04364 321.70822 1.000000000000000000e+00
0.0 6.000000000000000000e+00 238.4223 550.9099 324.76654 1.000000000000000000e+00
0.0 1.700000000000000000e+01 236.35803 547.65375 325.07523 1.000000000000000000e+00
0.0 1.100000000000000000e+01 236.98212 546.7431 321.37552 1.000000000000000000e+00
0.0 9.000000000000000000e+00 240.74063 547.4811 321.767 1.000000000000000000e+00
0.0 3.000000000000000000e+00 240.95613 545.07355 324.77948 1.000000000000000000e+00
0.0 6.000000000000000000e+00 238.93959 542.4038 322.88187 1.000000000000000000e+00
0.0 1.500000000000000000e+01 241.24277 542.68585 319.77866 1.000000000000000000e+00
0.0 1.000000000000000000e+01 244.42407 542.3373 321.9382 1.000000000000000000e+00
0.0 1.100000000000000000e+01 242.93169 539.3185 323.80374 1.000000000000000000e+00
0.0 3.000000000000000000e+00 242.05168 537.76996 320.37854 1.000000000000000000e+00
0.0 3.000000000000000000e+00 245.67943 538.19904 319.07266 1.000000000000000000e+00
0.0 1.000000000000000000e+01 246.95154 536.64185 322.3941 1.000000000000000000e+00
0.0 6.000000000000000000e+00 244.50806 533.68866 322.01218 1.000000000000000000e+00
0.0 7.000000000000000000e+00 245.64995 533.1921 318.3542 1.000000000000000000e+00
0.0 2.000000000000000000e+01 249.40059 533.2426 319.3952 1.000000000000000000e+00
0.0 1.600000000000000000e+01 248.5222 530.67175 322.14185 1.000000000000000000e+00
0.0 5.000000000000000000e+00 246.84758 528.5901 319.34637 1.000000000000000000e+00
0.0 6.000000000000000000e+00 249.93501 528.6284 317.0566 1.000000000000000000e+00
0.0 1.500000000000000000e+01 252.02803 527.67303 320.1665 1.000000000000000000e+00
0.0 3.000000000000000000e+00 253.0398 524.05334 319.46906 1.000000000000000000e+00
0.0 7.000000000000000000e+00 250.56525 521.49396 321.12888 0.000000000000000000e+00
0.0 2.000000000000000000e+00 247.93507 518.6095 320.46564 0.000000000000000000e+00
0.0 1.200000000000000000e+01 245.31815 518.90686 317.92606 0.000000000000000000e+00
0.0 1.800000000000000000e+01 244.71326 522.5822 317.65225 0.000000000000000000e+00
0.0 9.000000000000000000e+00 241.1535 524.3361 318.05347 0.000000000000000000e+00
0.0 7.000000000000000000e+00 240.07057 521.207 320.05734 0.000000000000000000e+00
0.0 1.000000000000000000e+00 238.8576 518.0373 321.5997 0.000000000000000000e+00
0.0 2.000000000000000000e+00 235.29185 516.4462 320.47626 0.000000000000000000e+00
0.0 2.000000000000000000e+00 235.22668 517.13806 316.42758 0.000000000000000000e+00
0.0 1.500000000000000000e+01 233.74828 515.4873 313.28793 0.000000000000000000e+00
0.0 6.000000000000000000e+00 230.38547 515.77545 311.92465 0.000000000000000000e+00
0.0 3.000000000000000000e+00 226.77519 515.5522 310.94403 0.000000000000000000e+00
0.0 8.000000000000000000e+00 224.66832 514.6333 307.97162 0.000000000000000000e+00
0.0 5.000000000000000000e+00 223.75545 512.1711 305.1556 0.000000000000000000e+00
0.0 1.800000000000000000e+01 223.84344 508.26038 304.0308 0.000000000000000000e+00
0.0 1.500000000000000000e+01 223.06691 504.77878 304.01465 0.000000000000000000e+00
0.0 4.000000000000000000e+00 220.64523 502.15216 302.36993 0.000000000000000000e+00
0.0 1.900000000000000000e+01 217.53452 503.37585 300.42487 0.000000000000000000e+00
0.0 1.800000000000000000e+01 215.55885 500.1014 299.3738 0.000000000000000000e+00
0.0 1.800000000000000000e+01 215.584 496.59866 298.35913 0.000000000000000000e+00
0.0 5.000000000000000000e+00 212.31311 494.7478 299.44595 0.000000000000000000e+00
0.0 7.000000000000000000e+00 208.94963 493.36896 300.86057 0.000000000000000000e+00
0.0 1.200000000000000000e+01 208.81668 489.6824 301.38434 0.000000000000000000e+00
0.0 2.000000000000000000e+00 206.36623 487.53677 300.36978 0.000000000000000000e+00
0.0 4.000000000000000000e+00 202.37584 487.06107 299.61005 0.000000000000000000e+00
0.0 1.800000000000000000e+01 203.29305 487.9743 295.9726 0.000000000000000000e+00
0.0 8.000000000000000000e+00 201.15768 485.288 294.33835 0.000000000000000000e+00
0.0 1.000000000000000000e+01 197.85603 487.38458 294.72733 0.000000000000000000e+00
0.0 1.200000000000000000e+01 194.708 489.44727 294.20523 0.000000000000000000e+00
0.0 1.800000000000000000e+01 192.42242 490.58334 296.65173 0.000000000000000000e+00
0.0 4.000000000000000000e+00 189.46175 490.72806 294.38818 0.000000000000000000e+00
0.0 1.800000000000000000e+01 185.79578 491.04025 293.40985 0.000000000000000000e+00
0.0 6.000000000000000000e+00 184.46327 491.7463 296.64026 0.000000000000000000e+00
0.0 3.000000000000000000e+00 183.49971 492.1933 300.14297 0.000000000000000000e+00
0.0 7.000000000000000000e+00 180.80196 494.82947 298.89578 0.000000000000000000e+00
0.0 4.000000000000000000e+00 181.06053 497.09296 295.8925 0.000000000000000000e+00
0.0 1.300000000000000000e+01 180.72646 499.39105 292.62332 0.000000000000000000e+00
0.0 3.000000000000000000e+00 177.72595 501.06995 291.69528 0.000000000000000000e+00
0.0 2.000000000000000000e+00 176.63931 503.58258 289.1825 0.000000000000000000e+00
0.0 3.000000000000000000e+00 175.77248 503.97083 285.25885 0.000000000000000000e+00
0.0 5.000000000000000000e+00 175.4282 500.51016 283.31436 0.000000000000000000e+00
0.0 1.800000000000000000e+01 173.5284 500.50156 280.26318 0.000000000000000000e+00
0.0 5.000000000000000000e+00 172.80937 498.9662 276.87888 0.000000000000000000e+00
0.0 1.500000000000000000e+01 171.28365 496.9353 274.08856 0.000000000000000000e+00
0.0 1.200000000000000000e+01 170.41301 497.24075 270.4808 0.000000000000000000e+00
0.0 1.200000000000000000e+01 169.20006 499.52768 267.66888 0.000000000000000000e+00
0.0 8.000000000000000000e+00 165.46552 499.58136 267.03647 0.000000000000000000e+00
0.0 1.700000000000000000e+01 162.60115 502.13016 266.52145 0.000000000000000000e+00
0.0 1.800000000000000000e+01 162.85277 505.76407 265.31937 0.000000000000000000e+00
0.0 8.000000000000000000e+00 165.09645 508.6425 266.65668 0.000000000000000000e+00
0.0 1.500000000000000000e+01 165.3823 511.4497 263.99765 0.000000000000000000e+00
0.0 1.200000000000000000e+01 166.19994 514.91235 264.631 0.000000000000000000e+00
0.0 1.800000000000000000e+01 168.81544 515.98596 267.44598 0.000000000000000000e+00
0.0 1.200000000000000000e+01 171.57153 517.85474 265.6022 0.000000000000000000e+00
0.0 3.000000000000000000e+00 170.17885 520.1651 262.86453 0.000000000000000000e+00
0.0 5.000000000000000000e+00 167.23686 522.3495 262.15515 0.000000000000000000e+00
0.0 1.800000000000000000e+01 167.63383 525.5853 264.20673 0.000000000000000000e+00
0.0 5.000000000000000000e+00 169.06146 525.4515 267.5317 0.000000000000000000e+00
0.0 1.800000000000000000e+01 172.14035 527.2256 265.3449 0.000000000000000000e+00
0.0 1.500000000000000000e+01 173.51445 525.993 262.0635 0.000000000000000000e+00
0.0 6.000000000000000000e+00 172.32292 527.57855 258.93265 0.000000000000000000e+00
0.0 3.000000000000000000e+00 175.1963 527.3375 256.65414 0.000000000000000000e+00
0.0 1.800000000000000000e+01 176.33948 529.28723 253.73615 0.000000000000000000e+00
0.0 1.500000000000000000e+01 173.9109 532.363 252.30096 0.000000000000000000e+00
0.0 1.000000000000000000e+01 170.41846 532.5849 254.2041 0.000000000000000000e+00
0.0 1.000000000000000000e+01 168.77101 533.0087 258.02853 0.000000000000000000e+00
0.0 6.000000000000000000e+00 170.11345 534.0496 261.6366 0.000000000000000000e+00
0.0 8.000000000000000000e+00 173.64703 532.59503 261.19693 0.000000000000000000e+00
0.0 1.000000000000000000e+01 175.86334 534.3715 258.54605 0.000000000000000000e+00
0.0 3.000000000000000000e+00 179.05939 533.6325 256.51974 0.000000000000000000e+00
0.0 2.000000000000000000e+00 179.79288 536.4776 253.88655 0.000000000000000000e+00
0.0 1.500000000000000000e+01 179.90712 538.33624 250.68358 0.000000000000000000e+00
0.0 1.000000000000000000e+01 182.88885 540.67834 250.54071 0.000000000000000000e+00
0.0 1.500000000000000000e+01 185.68007 540.9596 253.05638 0.000000000000000000e+00
0.0 6.000000000000000000e+00 189.08598 540.1329 254.75156 0.000000000000000000e+00
0.0 1.500000000000000000e+01 192.6255 539.65027 253.77744 0.000000000000000000e+00
0.0 8.000000000000000000e+00 195.30246 537.55396 255.78398 0.000000000000000000e+00
0.0 1.200000000000000000e+01 198.235 539.75336 255.92085 0.000000000000000000e+00
0.0 2.000000000000000000e+00 199.6243 537.58136 258.45078 0.000000000000000000e+00
0.0 4.000000000000000000e+00 200.5651 534.7521 256.21954 0.000000000000000000e+00
0.0 1.100000000000000000e+01 199.06874 534.07794 252.81995 0.000000000000000000e+00
0.0 1.700000000000000000e+01 202.37534 534.89526 251.11328 0.000000000000000000e+00
0.0 1.800000000000000000e+01 205.60478 532.54724 252.53584 0.000000000000000000e+00
0.0 4.000000000000000000e+00 207.93509 532.22345 255.36455 0.000000000000000000e+00
0.0 6.000000000000000000e+00 208.40047 533.2689 259.0711 0.000000000000000000e+00
0.0 1.200000000000000000e+01 205.88393 534.95734 261.4796 0.000000000000000000e+00
0.0 7.000000000000000000e+00 204.70628 538.50116 260.50513 0.000000000000000000e+00
0.0 1.800000000000000000e+01 203.58319 541.1763 263.03152 0.000000000000000000e+00
0.0 1.400000000000000000e+01 204.65495 545.02277 262.50296 0.000000000000000000e+00
0.0 1.200000000000000000e+01 205.473 547.35144 265.4154 0.000000000000000000e+00
0.0 1.100000000000000000e+01 208.07893 548.8532 267.9223 0.000000000000000000e+00
0.0 1.500000000000000000e+01 207.8577 547.53955 271.52878 0.000000000000000000e+00
0.0 6.000000000000000000e+00 208.29054 547.2937 275.2937 0.000000000000000000e+00
0.0 1.800000000000000000e+01 207.72235 550.3142 277.84174 0.000000000000000000e+00
0.0 2.000000000000000000e+00 208.94394 550.9244 281.44012 1.000000000000000000e+00
0.0 1.000000000000000000e+01 211.14076 551.2313 284.57397 1.000000000000000000e+00
0.0 1.500000000000000000e+01 212.12657 554.8403 285.3721 1.000000000000000000e+00
0.0 1.100000000000000000e+01 215.693 555.9747 284.4463 1.000000000000000000e+00
0.0 3.000000000000000000e+00 216.07874 556.89105 288.1804 1.000000000000000000e+00
0.0 8.000000000000000000e+00 215.28186 553.28796 289.2915 1.000000000000000000e+00
0.0 6.000000000000000000e+00 217.4853 551.7726 286.5276 1.000000000000000000e+00
0.0 6.000000000000000000e+00 220.42084 554.03796 287.60678 1.000000000000000000e+00
0.0 1.700000000000000000e+01 219.89665 553.1124 291.32187 1.000000000000000000e+00
0.0 1.000000000000000000e+01 220.11142 549.3788 290.3292 1.000000000000000000e+00
0.0 1.000000000000000000e+01 223.10204 549.82825 287.91833 1.000000000000000000e+00
0.0 1.000000000000000000e+01 225.21693 551.8252 290.4573 1.000000000000000000e+00
0.0 3.000000000000000000e+00 224.59604 549.0952 293.12802 1.000000000000000000e+00
0.0 1.900000000000000000e+01 225.55183 546.3339 290.63055 1.000000000000000000e+00
0.0 1.100000000000000000e+01 228.74092 548.2268 289.47885 1.000000000000000000e+00
0.0 4.000000000000000000e+00 229.96567 549.3164 292.99097 1.000000000000000000e+00
0.0 1.800000000000000000e+01 231.78242 545.91547 293.6049 1.000000000000000000e+00
0.0 1.400000000000000000e+01 233.59335 546.0586 290.19067 1.000000000000000000e+00
0.0 9.000000000000000000e+00 234.73009 549.6484 290.99933 1.000000000000000000e+00
0.0 3.000000000000000000e+00 236.10808 548.487 294.42578 1.000000000000000000e+00
0.0 8.000000000000000000e+00 237.85287 545.5951 292.56992 1.000000000000000000e+00
0.0 2.000000000000000000e+00 239.74924 548.2868 290.50366 1.000000000000000000e+00
0.0 3.000000000000000000e+00 238.1504 547.1748 287.14557 1.000000000000000000e+00
0.0 1.400000000000000000e+01 237.80411 550.82184 285.9535 1.000000000000000000e+00
0.0 6.000000000000000000e+00 240.8223 553.0513 285.13318 1.000000000000000000e+00
0.0 1.500000000000000000e+01 238.96472 556.1745 286.4498 1.000000000000000000e+00
0.0 3.000000000000000000e+00 235.60492 557.207 288.0324 1.000000000000000000e+00
0.0 8.000000000000000000e+00 234.69183 559.1889 284.86548 1.000000000000000000e+00
0.0 1.100000000000000000e+01 234.6535 555.73065 283.17343 1.000000000000000000e+00
0.0 1.400000000000000000e+01 232.53432 554.3117 286.06027 1.000000000000000000e+00
0.0 3.000000000000000000e+00 230.04633 557.2582 285.645 1.000000000000000000e+00
0.0 2.000000000000000000e+00 230.04688 556.871 281.80063 1.000000000000000000e+00
0.0 1.400000000000000000e+01 229.42047 553.08826 281.91196 1.000000000000000000e+00
0.0 6.000000000000000000e+00 226.78151 553.48517 284.6852 1.000000000000000000e+00
0.0 5.000000000000000000e+00 224.96451 556.1169 282.51547 1.000000000000000000e+00
0.0 1.600000000000000000e+01 225.26317 553.9628 279.3351 1.000000000000000000e+00
0.0 1.100000000000000000e+01 223.87973 550.8338 281.1307 1.000000000000000000e+00
0.0 1.500000000000000000e+01 221.06908 552.9797 282.67377 1.000000000000000000e+00
0.0 1.600000000000000000e+01 219.98729 554.0841 279.15387 1.000000000000000000e+00
0.0 1.100000000000000000e+01 220.38773 550.51776 277.70886 1.000000000000000000e+00
0.0 1.100000000000000000e+01 218.09741 549.1238 280.48846 1.000000000000000000e+00
0.0 4.000000000000000000e+00 215.43492 551.8232 279.73093 1.000000000000000000e+00
0.0 1.200000000000000000e+01 215.55852 550.96497 275.9605 1.000000000000000000e+00
0.0 3.000000000000000000e+00 215.91173 547.1236 276.2692 1.000000000000000000e+00
0.0 4.000000000000000000e+00 213.45377 545.9861 278.9709 1.000000000000000000e+00
0.0 1.500000000000000000e+01 213.11443 542.33887 277.85776 1.000000000000000000e+00
0.0 1.800000000000000000e+01 209.61234 541.1055 278.94937 1.000000000000000000e+00
0.0 2.000000000000000000e+00 210.07137 538.6771 281.89902 1.000000000000000000e+00
0.0 5.000000000000000000e+00 213.52815 539.57336 283.43097 1.000000000000000000e+00
0.0 1.500000000000000000e+01 214.18999 541.92377 286.36172 1.000000000000000000e+00
0.0 1.000000000000000000e+01 216.27129 545.08545 285.6141 1.000000000000000000e+00
0.0 3.000000000000000000e+00 218.68193 543.7606 288.32312 1.000000000000000000e+00
0.0 8.000000000000000000e+00 219.30666 540.4315 286.49017 1.000000000000000000e+00
0.0 8.000000000000000000e+00 219.55786 542.23157 283.1104 1.000000000000000000e+00
0.0 6.000000000000000000e+00 222.10103 544.6933 284.64423 1.000000000000000000e+00
0.0 1.200000000000000000e+01 224.0038 541.7283 286.2394 1.000000000000000000e+00
0.0 1.700000000000000000e+01 224.027 539.91815 282.82706 1.000000000000000000e+00
0.0 1.100000000000000000e+01 225.31046 542.9656 280.84027 1.000000000000000000e+00
0.0 2.000000000000000000e+01 228.01035 543.6029 283.5269 1.000000000000000000e+00
0.0 5.000000000000000000e+00 229.04752 539.87354 283.59793 1.000000000000000000e+00
0.0 1.600000000000000000e+01 229.19397 539.7024 279.7624 1.000000000000000000e+00
0.0 1.400000000000000000e+01 231.33397 542.9014 279.54205 1.000000000000000000e+00
0.0 1.400000000000000000e+01 233.83713 541.6223 282.1892 1.000000000000000000e+00
0.0 1.600000000000000000e+01 233.88985 537.99475 280.8117 1.000000000000000000e+00
0.0 2.000000000000000000e+00 237.04024 538.7227 278.68146 1.000000000000000000e+00
0.0 5.000000000000000000e+00 238.17174 542.15564 280.0933 1.000000000000000000e+00
0.0 6.000000000000000000e+00 240.34714 542.50244 283.23682 1.000000000000000000e+00
0.0 5.000000000000000000e+00 239.80534 546.32513 283.30038 1.000000000000000000e+00
0.0 1.900000000000000000e+01 237.93536 549.06354 281.419 1.000000000000000000e+00
0.0 8.000000000000000000e+00 240.39911 551.7454 280.24585 1.000000000000000000e+00
0.0 1.500000000000000000e+01 238.43356 553.7763 277.60196 1.000000000000000000e+00
0.0 8.000000000000000000e+00 234.80206 554.6165 276.6285 1.000000000000000000e+00
0.0 6.000000000000000000e+00 235.48534 552.6867 273.36234 1.000000000000000000e+00
0.0 7.000000000000000000e+00 235.49728 549.43585 275.44824 1.000000000000000000e+00
0.0 1.300000000000000000e+01 231.67917 549.41833 275.8542 1.000000000000000000e+00
0.0 1.600000000000000000e+01 230.65791 550.6184 272.3379 1.000000000000000000e+00
0.0 2.000000000000000000e+00 230.6375 546.831 271.5384 1.000000000000000000e+00
0.0 1.100000000000000000e+01 227.54959 546.4476 273.86737 1.000000000000000000e+00
0.0 1.900000000000000000e+01 225.62386 548.18475 271.05807 1.000000000000000000e+00
0.0 2.000000000000000000e+00 224.39127 545.20856 269.0898 1.000000000000000000e+00
0.0 1.800000000000000000e+01 223.88725 546.73486 265.59854 1.000000000000000000e+00
0.0 1.200000000000000000e+01 221.27112 549.4703 265.16214 1.000000000000000000e+00
0.0 5.000000000000000000e+00 218.44275 548.8917 262.70065 1.000000000000000000e+00
