0.0 1.0 -48.104 40.917 28.446 0.0
0.0 15.0 -45.597 38.045 28.043 0.0
0.0 15.0 -43.058 38.256 25.171 0.0
0.0 16.0 -42.443 34.775 23.704 0.0
0.0 16.0 -38.717 34.532 22.838 0.0
0.0 4.0 -38.802 32.672 19.485 0.0
0.0 4.0 -35.662 30.507 19.746 0.0
0.0 14.0 -34.17 30.38 16.214 0.0
0.0 18.0 -33.955 26.714 15.01 0.0
0.0 14.0 -30.466 25.155 14.673 0.0
0.0 7.0 -28.758 26.246 11.41 0.0
0.0 18.0 -26.743 23.098 10.365 0.0
0.0 8.0 -24.541 24.976 7.8 1.0
0.0 5.0 -23.318 27.534 10.399 1.0
0.0 5.0 -22.498 24.58 12.746 1.0
0.0 5.0 -18.618 26.049 8.875 1.0
0.0 15.0 -17.921 26.882 12.57 1.0
0.0 4.0 -16.6 23.306 13.227 1.0
0.0 3.0 -12.708 26.5 10.875 1.0
0.0 3.0 -12.472 25.793 14.675 1.0
0.0 10.0 -11.258 22.125 14.528 1.0
0.0 14.0 -9.797 21.532 11.016 1.0
0.0 2.0 -8.432 25.092 10.37 1.0
0.0 14.0 -10.165 25.436 6.935 1.0
0.0 7.0 -12.202 28.49 5.785 1.0
0.0 15.0 -13.987 26.449 3.041 1.0
0.0 14.0 -14.428 22.958 1.523 1.0
0.0 3.0 -12.02 21.774 -1.267 1.0
0.0 4.0 -15.058 21.36 -3.622 1.0
0.0 18.0 -18.874 21.97 -3.57 1.0
0.0 11.0 -19.187 18.133 -3.882 1.0
0.0 8.0 -19.71 20.296 1.098 1.0
0.0 15.0 -22.746 18.472 -0.479 1.0
0.0 1.0 -24.217 18.043 4.463 1.0
0.0 6.0 -25.92 14.768 3.363 1.0
0.0 10.0 -24.949 15.723 8.74 1.0
0.0 3.0 -28.653 15.364 7.711 1.0
0.0 2.0 -28.422 11.628 8.659 1.0
0.0 17.0 -31.558 10.699 6.604 1.0
0.0 3.0 -29.937 8.449999999999998 3.88 1.0
0.0 4.0 -6.955 10.034 -2.818 1.0
0.0 2.0 -6.118 13.472 -1.248 1.0
0.0 2.0 -10.565 15.225 1.359 1.0
0.0 11.0 -18.014 15.728 15.75 1.0
0.0 11.0 -21.449 17.384 15.099 1.0
0.0 6.0 -23.484 14.281 16.122 1.0
0.0 3.0 -24.12 13.291 19.81 1.0
0.0 18.0 -8.372 -2.023 6.02 1.0
0.0 11.0 -4.8 -0.941 7.003 1.0
0.0 20.0 -3.444 -0.334 10.54 1.0
0.0 6.0 -0.866 2.079 8.963 1.0
0.0 11.0 -3.621 4.32 7.441 1.0
0.0 12.0 -2.54 5.277 12.709 1.0
0.0 7.0 -1.941 8.25 10.314 1.0
0.0 10.0 -5.574 8.814999999999998 14.435 1.0
0.0 7.0 -2.331 10.833 14.935 1.0
0.0 16.0 -3.671 13.622 12.645 1.0
0.0 11.0 -5.008 13.81 17.96 1.0
0.0 4.0 -3.078 16.963 16.809 1.0
0.0 11.0 -6.542 18.529 16.106 1.0
0.0 3.0 -7.378999999999999 17.598 19.806 1.0
0.0 10.0 -10.184 15.194 18.685 1.0
0.0 5.0 -11.079 12.27 21.019 1.0
0.0 10.0 -10.098 9.456 18.612 1.0
0.0 15.0 -9.135 5.809 19.317 1.0
0.0 15.0 -4.693 -6.408 16.23 1.0
0.0 3.0 -1.567 -4.534 17.587 1.0
0.0 11.0 -3.303 -3.141 20.741 1.0
0.0 15.0 -2.164 -4.767 23.998 1.0
0.0 6.0 -4.7 -6.589 26.198 1.0
0.0 12.0 -4.62 -3.588 28.63 1.0
0.0 8.0 -5.244 -0.774 26.048 1.0
0.0 5.0 -8.034 -3.01 24.628 1.0
0.0 3.0 -9.62 -3.482 28.118 1.0
0.0 8.0 -9.453 0.314 28.741 1.0
0.0 11.0 -10.999 1.087 25.3 1.0
0.0 11.0 -13.846 -1.493 25.653 1.0
0.0 6.0 -14.531 -0.106 29.175 1.0
0.0 7.0 -14.746 3.479 27.723 1.0
0.0 8.0 -19.332 0.412 27.764 1.0
0.0 5.0 -19.683 3.557 30.014 1.0
0.0 8.0 -22.987 5.516 29.865 1.0
0.0 3.0 -21.072 8.505 28.37 1.0
0.0 18.0 -18.005 7.226 26.407 1.0
0.0 12.0 -15.158 9.729 25.914 1.0
0.0 4.0 -14.281 8.191 22.486 1.0
0.0 3.0 -15.835 10.258 19.621 1.0
0.0 8.0 -11.624 -8.561999999999998 11.181 1.0
0.0 1.0 -11.937 -6.774 14.591 1.0
0.0 6.0 -16.598 -8.809 12.778 1.0
0.0 15.0 -14.795 -10.448 15.791 1.0
0.0 15.0 -16.91 -12.386 18.351 1.0
0.0 15.0 -15.072 -10.513 21.177 1.0
0.0 12.0 -20.007 -8.099 19.374 1.0
0.0 18.0 -21.026 -7.614 23.112 1.0
0.0 4.0 -19.542 -4.056 23.313 1.0
0.0 17.0 -24.552 -4.555 21.032 1.0
0.0 15.0 -24.204 -2.327 24.183 1.0
0.0 10.0 -26.626 -0.303 19.791 1.0
0.0 15.0 -29.164 -0.714 22.66 1.0
0.0 5.0 -28.075 2.655 24.19 1.0
0.0 16.0 -28.428 4.355 20.723 1.0
0.0 11.0 -24.812 5.691 21.001 1.0
0.0 15.0 -24.234 8.013 15.178 1.0
0.0 8.0 -11.949 1.845 1.001 1.0
0.0 15.0 -16.246 -6.297 -4.405 1.0
0.0 12.0 -14.601 -9.357 -5.949 1.0
0.0 16.0 -8.513999999999998 -4.57 -7.216999999999999 1.0
0.0 7.0 -8.018 -5.178 -3.413 1.0
0.0 14.0 -10.806 -7.671999999999999 -2.449 1.0
0.0 5.0 -10.861 -8.487999999999998 1.341 1.0
0.0 18.0 -13.041 -11.445 2.6 1.0
0.0 7.0 -13.752 -9.767 6.007 1.0
0.0 11.0 -18.308 -9.133 3.247 1.0
0.0 5.0 -19.077 -9.517 7.026 1.0
0.0 2.0 -23.29 -6.219 5.399 1.0
0.0 6.0 -24.588 -8.359999999999998 8.322 1.0
0.0 11.0 -23.087 -5.828 10.806 1.0
0.0 15.0 -28.216 -4.669 8.843 1.0
0.0 5.0 -28.171 -4.79 12.716 1.0
0.0 11.0 -27.291 -1.022 12.737 1.0
0.0 2.0 -30.62 0.057 11.079 1.0
0.0 16.0 -30.79 3.248 13.276 1.0
0.0 6.0 -27.31 4.553 12.203 1.0
0.0 6.0 -10.951 6.248 -4.263 1.0
0.0 4.0 -12.055 3.987 -7.18 1.0
0.0 6.0 -15.357 2.421 -8.269999999999998 1.0
0.0 4.0 -16.383 1.033 -11.651 1.0
0.0 18.0 -20.225 0.752 -12.092 1.0
0.0 12.0 -20.019 -2.968 -11.072 1.0
0.0 12.0 -20.469 0.586 -6.972 1.0
0.0 8.0 -23.423 -1.876 -7.317999999999999 1.0
0.0 7.0 -21.437 -4.58 -5.423 1.0
0.0 14.0 -24.577 -1.149 -2.385 1.0
0.0 6.0 -25.476 -4.887 -2.311 1.0
0.0 6.0 -22.682 -6.278 -0.032 1.0
0.0 11.0 -23.088 -3.417 2.538 1.0
0.0 16.0 -26.97 -3.67 2.259 1.0
0.0 3.0 -30.553 2.19 2.357 1.0
0.0 3.0 -32.101 2.794 -1.092 1.0
0.0 18.0 -32.076 5.47 -2.475 1.0
0.0 10.0 -28.341 5.925 -1.626 1.0
0.0 6.0 -26.998 9.512 -1.869 1.0
0.0 20.0 -24.165 9.296 -4.485 1.0
0.0 14.0 -21.26 11.804 -4.563 1.0
0.0 3.0 -18.78 10.946 -7.396 1.0
0.0 4.0 -15.828 13.199 -8.387 1.0
0.0 18.0 -14.925 12.807 -12.113 1.0
0.0 14.0 -10.304 13.496 -15.041 1.0
0.0 5.0 -7.651 15.931 -13.7 1.0
0.0 6.0 -6.528 18.597 -16.208 1.0
0.0 17.0 -3.205 19.138 -14.3 1.0
0.0 3.0 10.63 -0.029 -23.842 1.0
0.0 8.0 11.276 -2.123 -27.005 1.0
0.0 11.0 11.734 1.24 -28.869 1.0
0.0 20.0 14.045 3.047 -26.33 1.0
0.0 15.0 17.836 2.683 -26.885 1.0
0.0 7.0 18.625 3.871 -23.296 1.0
0.0 18.0 15.592 3.108 -21.036 1.0
0.0 9.0 17.417 4.505 -17.933 1.0
0.0 2.0 18.486 7.738 -19.722 1.0
0.0 17.0 14.865 8.249 -20.9 1.0
0.0 11.0 13.645 7.788999999999999 -17.267 1.0
0.0 3.0 16.353 10.159 -15.829 1.0
0.0 7.0 15.523 12.896 -18.411 1.0
0.0 14.0 11.762 12.47 -17.664 1.0
0.0 19.0 12.494 12.822 -13.9 1.0
0.0 11.0 14.626 15.995 -14.461 1.0
0.0 3.0 12.122 17.649 -16.887 1.0
0.0 6.0 9.266 16.954 -14.428 1.0
0.0 11.0 11.38 18.357 -11.506 1.0
0.0 2.0 11.718 21.624 -13.536 0.0
0.0 12.0 15.364 21.473 -14.825 0.0
0.0 8.0 14.221 23.72 -17.78 0.0
0.0 6.0 13.505 26.591 -15.261 0.0
0.0 7.0 17.16 26.948 -13.92 0.0
0.0 3.0 15.846 27.45 -10.296 0.0
0.0 2.0 17.07 24.042 -9.058 0.0
0.0 11.0 14.89 20.905 -8.711999999999998 0.0
0.0 15.0 11.318 21.737 -7.530999999999999 0.0
0.0 2.0 9.167 19.134 -5.704 0.0
0.0 19.0 9.341 15.317 -5.795 1.0
0.0 2.0 8.503 12.148 -7.817 1.0
0.0 20.0 7.705 8.406 -7.557 1.0
0.0 10.0 8.999 5.511 -9.757 1.0
0.0 9.0 6.774 2.395 -9.396 1.0
0.0 19.0 8.234 -1.058 -10.199 1.0
0.0 5.0 7.101 -4.72 -9.834 1.0
0.0 4.0 10.116 -6.372 -8.104 1.0
0.0 5.0 12.404 -5.51 -5.167 1.0
0.0 8.0 15.488 -6.157 -7.285 1.0
0.0 6.0 14.313 -3.633 -9.952000000000002 1.0
0.0 8.0 17.149 -1.206 -5.864 1.0
0.0 12.0 18.661 -1.219 -9.428 1.0
0.0 11.0 16.574 1.819 -10.584 1.0
0.0 20.0 21.256 3.103 -8.229 1.0
0.0 8.0 20.883 3.855 -12.018 1.0
0.0 11.0 19.053 7.181 -11.409 1.0
0.0 15.0 21.529 8.253 -8.659 1.0
0.0 19.0 24.599 7.378999999999999 -10.821 1.0
0.0 5.0 22.94 9.355 -13.719 1.0
0.0 2.0 22.582 12.54 -11.539 1.0
0.0 10.0 19.043 12.069 -10.013 1.0
0.0 17.0 19.278 11.344 -6.236 1.0
0.0 3.0 16.179 5.828 -2.994 1.0
0.0 6.0 14.487 2.412 -3.058 1.0
0.0 6.0 8.846999999999998 -4.357 2.166 1.0
0.0 2.0 12.382 -5.97 2.102 1.0
0.0 11.0 13.958 -2.978 3.999 1.0
0.0 3.0 14.202 -2.708 7.835 1.0
0.0 6.0 11.332 -0.859 9.577000000000002 1.0
0.0 15.0 13.681 2.056 10.529 1.0
0.0 8.0 15.104 2.289 6.95 1.0
0.0 5.0 11.549 2.588 5.499 1.0
0.0 4.0 10.663 5.375 7.997 1.0
0.0 11.0 13.986 7.165 7.213 1.0
0.0 10.0 13.633 6.957 3.364 1.0
0.0 12.0 9.956 8.035999999999998 3.653 1.0
0.0 17.0 10.862 11.02 5.913 1.0
0.0 7.0 13.823 12.09 3.669 1.0
0.0 1.0 8.758 13.974 2.627 1.0
0.0 8.0 11.516 16.505 3.642 1.0
0.0 8.0 12.676 16.75 -0.084 1.0
0.0 3.0 16.314 15.641 0.7239999999999999 1.0
0.0 10.0 15.468 12.736 -1.656 1.0
0.0 18.0 13.554 14.153 -4.697 1.0
0.0 10.0 12.848 10.661 -6.214 1.0
0.0 20.0 3.204 -1.185 -4.464 1.0
0.0 15.0 4.026 -1.193 -0.668 1.0
0.0 14.0 4.361 2.66 -1.072 1.0
0.0 2.0 0.579 2.604 -1.77 1.0
0.0 1.0 -1.434 3.905 1.278 1.0
0.0 2.0 -1.056 6.895 3.699 0.0
0.0 10.0 1.165 8.868999999999998 1.208 0.0
0.0 7.0 -0.277 12.441 0.8279999999999998 0.0
0.0 3.0 2.574 14.709 -0.37 1.0
0.0 6.0 1.068 17.638 -2.326 1.0
0.0 17.0 4.05 18.515 -4.63 1.0
0.0 10.0 4.474 15.175 -6.518 1.0
0.0 5.0 5.617 16.355 -10.003 1.0
0.0 14.0 5.726 12.846 -11.51 1.0
0.0 10.0 4.665 9.226 -11.209 1.0
0.0 6.0 6.535 6.824 -13.541 1.0
0.0 16.0 5.411 3.172 -13.85 1.0
0.0 13.0 8.580999999999998 1.26 -14.827 1.0
0.0 17.0 6.444 -1.917 -15.106 1.0
0.0 6.0 0.527 -2.406 -12.924 1.0
0.0 1.0 -6.314 -0.319 -14.465 1.0
0.0 6.0 -7.817 0.583 -11.036 1.0
0.0 8.0 -0.891 4.953 -8.141 1.0
0.0 5.0 -2.298 17.035 -5.488 1.0
0.0 7.0 -1.248 20.72 -5.228 1.0
0.0 2.0 -3.084 21.273 -8.601 1.0
0.0 3.0 0.215 22.239 -10.38 1.0
0.0 18.0 1.294 20.442 -13.634 1.0
0.0 9.0 6.808 2.21 -19.491 1.0
0.0 15.0 6.577 -3.791 -22.83 1.0
0.0 17.0 7.726 -8.854 -22.096 1.0
0.0 7.0 6.511 -7.116 -18.845 1.0
0.0 7.0 3.372 -11.435 -20.351 1.0
0.0 12.0 5.331 -11.742 -17.056 1.0
0.0 10.0 2.388 -10.009 -15.221 1.0
0.0 15.0 -0.285 -12.05 -17.135 1.0
0.0 14.0 1.586 -15.285 -16.195 1.0
0.0 11.0 1.818 -14.189 -12.505 1.0
0.0 5.0 -2.945 -16.579 -14.115 1.0
0.0 3.0 -0.664 -18.447 -11.6 1.0
0.0 8.0 -2.289 -16.579 -8.644999999999998 1.0
0.0 10.0 -5.782 -17.438 -10.087 1.0
0.0 6.0 -4.963 -21.162 -10.687 1.0
0.0 3.0 -3.8 -21.467 -6.995 1.0
0.0 11.0 -7.156 -20.007 -5.852 1.0
0.0 12.0 -9.098 -22.393 -8.178 1.0
0.0 8.0 -7.078 -25.388 -6.786 1.0
0.0 3.0 -8.314999999999998 -24.341 -3.257 1.0
0.0 5.0 -11.941 -23.089 -3.765 1.0
0.0 2.0 -13.051 -24.181 -7.263 1.0
0.0 17.0 -13.644 -21.702 -10.113 1.0
0.0 3.0 -15.314 -18.319 -9.257 1.0
0.0 6.0 -16.512 -15.426 -11.489 1.0
0.0 15.0 -13.962 -13.192 -9.624 1.0
0.0 7.0 -11.08 -15.257 -11.096 1.0
0.0 3.0 -12.088 -13.739 -14.503 1.0
0.0 6.0 -12.466 -10.251 -12.911 1.0
0.0 20.0 -7.702 -11.04 -15.524 1.0
0.0 1.0 -10.129 -8.499 -17.146 1.0
0.0 6.0 -8.872999999999998 -5.728 -14.778 1.0
0.0 7.0 -6.347 -6.786 -19.796 1.0
0.0 6.0 -8.072 -3.327 -19.584 1.0
0.0 10.0 -3.0 -3.692 -21.651 1.0
0.0 4.0 -5.767 -2.182 -23.861 1.0
0.0 8.0 -2.002 -0.782 -27.088 1.0
0.0 8.0 -5.356 1.063 -27.993 1.0
0.0 11.0 -5.041 4.3 -30.058 1.0
0.0 2.0 -7.006 6.981 -28.168 1.0
0.0 19.0 -7.1 9.724 -25.519 1.0
0.0 6.0 -11.043 8.88 -22.285 1.0
0.0 6.0 -9.843000000000002 5.261 -21.7 1.0
0.0 3.0 -14.579 4.525 -20.156 1.0
0.0 9.0 -13.265 2.155 -17.403 1.0
0.0 14.0 -14.854 4.057 -14.435 1.0
0.0 2.0 -18.193 4.904 -16.187 1.0
0.0 7.0 -17.477 8.678 -16.356 1.0
0.0 6.0 -18.383 11.359 -18.931 1.0
0.0 11.0 -15.973 11.909 -21.879 1.0
0.0 18.0 -13.22 14.354 -20.684 1.0
0.0 6.0 -12.284 17.612 -22.496 1.0
0.0 19.0 -8.566 16.65 -22.806 1.0
0.0 6.0 -6.879 19.827 -24.171 1.0
0.0 3.0 -3.371 18.341 -25.023 1.0
0.0 2.0 -3.274 16.554 -21.56 1.0
0.0 19.0 -1.937 13.21 -22.954 1.0
0.0 7.0 0.426 11.832 -25.677 1.0
0.0 19.0 -4.067 14.561 -27.532 1.0
0.0 12.0 -0.614 16.209 -28.037 1.0
0.0 17.0 0.509 14.229 -31.159 1.0
0.0 18.0 -1.73 11.241 -32.228 1.0
0.0 4.0 0.476 10.557 -35.327 1.0
0.0 6.0 3.561 10.09 -33.071 1.0
0.0 5.0 0.419 5.716 -34.0 1.0
0.0 5.0 3.991 5.468 -35.481 1.0
0.0 11.0 2.507 1.404 -31.973 1.0
0.0 8.0 3.267 0.387 -35.625 1.0
0.0 6.0 6.976 0.16 -34.578 1.0
0.0 8.0 4.262 -4.408 -33.954 1.0
0.0 5.0 7.195 -4.471 -36.467 1.0
0.0 15.0 9.71 -5.202 -33.618 1.0
0.0 15.0 7.848 -8.551999999999998 -33.096 1.0
0.0 15.0 7.516 -9.503 -36.822 1.0
0.0 13.0 11.09 -10.481 -37.933 0.0
0.0 15.0 12.249 -12.513 -34.846 0.0
0.0 3.0 10.646 -15.729 -36.34 0.0
0.0 4.0 12.992 -17.433 -38.848 0.0
0.0 19.0 12.974 -15.967 -42.341 0.0
0.0 20.0 15.928 -17.759 -43.998 0.0
0.0 2.0 15.813 -15.453 -47.033 0.0
0.0 18.0 18.821 -16.037 -49.38 0.0
0.0 15.0 21.501 -13.317 -49.125 0.0
0.0 12.0 22.396 -11.892 -52.541 0.0
0.0 2.0 22.249 -8.255 -53.73 0.0
0.0 17.0 21.241 -6.026 -56.664 0.0
0.0 2.0 18.049 -5.146 -58.433 0.0
0.0 14.0 14.596 -6.533 -59.094 0.0
0.0 7.0 11.643 -4.502 -60.465 0.0
0.0 18.0 8.090999999999998 -5.281 -59.066 0.0
0.0 8.0 5.92 -5.029 -62.277 0.0
0.0 11.0 6.834 -8.279999999999998 -64.163 0.0
0.0 9.0 4.147 -10.94 -63.225 0.0
0.0 8.0 0.656 -10.757 -64.737 0.0
0.0 2.0 -0.8 -14.175 -65.763 0.0
0.0 2.0 -3.029 -16.829 -64.082 0.0
0.0 5.0 -6.837 -17.173 -64.607 0.0
0.0 3.0 -9.909 -17.58 -62.419 0.0
0.0 2.0 -12.013 -20.333 -61.045 0.0
0.0 9.0 -15.374 -19.165 -59.495 0.0
0.0 2.0 -17.441 -21.312 -57.053 0.0
0.0 7.0 -19.638 -20.389 -54.057 0.0
0.0 14.0 -20.427 -22.796 -51.24 0.0
0.0 15.0 -20.759 -22.438 -47.425 0.0
0.0 5.0 -20.889 -24.65 -44.349 0.0
0.0 9.0 -19.748 -25.536 -40.98 0.0
0.0 7.0 -17.726 -27.561 -38.792 0.0
0.0 8.0 -15.514 -30.192 -37.081 0.0
0.0 2.0 -11.729 -30.817 -37.271 0.0
0.0 15.0 -8.977 -33.406 -36.614 0.0
0.0 2.0 -5.209 -34.033 -36.687 0.0
0.0 2.0 -1.813 -32.846 -38.092 0.0
0.0 15.0 1.123 -32.355 -36.426 0.0
0.0 2.0 3.635 -29.512 -37.165 1.0
0.0 7.0 4.459 -26.835 -34.455 1.0
0.0 8.0 5.229 -28.878 -31.238 1.0
0.0 2.0 9.04 -28.346 -31.577 1.0
0.0 5.0 8.611 -24.507 -31.518 1.0
0.0 7.0 6.251 -24.658 -28.515 1.0
0.0 8.0 8.816 -27.02 -26.813 1.0
0.0 6.0 11.686 -24.535 -27.461 1.0
0.0 16.0 9.634 -21.582 -26.096 1.0
0.0 3.0 8.625999999999998 -23.706 -22.997 1.0
0.0 5.0 12.368 -24.562 -22.411 1.0
0.0 8.0 13.57 -20.911 -22.702 1.0
0.0 13.0 10.643 -19.729 -20.516 1.0
0.0 17.0 11.511 -22.463 -17.943 1.0
0.0 11.0 15.198 -21.279 -17.839 1.0
0.0 14.0 14.015 -17.627 -17.545 1.0
0.0 9.0 11.514 -18.712 -14.821 1.0
0.0 12.0 14.282 -20.627 -12.933 1.0
0.0 3.0 16.57 -17.509 -13.172 1.0
0.0 12.0 13.616 -15.331 -11.94 1.0
0.0 1.0 12.985 -17.832 -9.046 1.0
0.0 12.0 16.733 -17.852 -8.133 1.0
0.0 11.0 16.612 -13.991 -8.019 1.0
0.0 5.0 13.631 -14.354 -5.549 1.0
0.0 3.0 15.807 -16.664 -3.376 1.0
0.0 2.0 17.454 -13.491 -2.012 1.0
0.0 3.0 21.306 -13.816 -1.936 1.0
0.0 7.0 22.822 -16.506 0.276 1.0
0.0 18.0 24.842 -14.664 2.975 1.0
0.0 3.0 28.497 -14.05 1.993 1.0
0.0 20.0 30.644 -16.969 3.221 1.0
0.0 8.0 31.582 -15.878 6.764 1.0
0.0 8.0 35.356 -16.369 6.763 1.0
0.0 14.0 36.499 -18.698 9.567 1.0
0.0 10.0 38.297 -16.54 12.152 1.0
0.0 18.0 40.669 -18.855 14.16 1.0
0.0 18.0 40.461 -19.019 18.014 1.0
0.0 7.0 42.485 -16.582 20.173 1.0
0.0 8.0 45.499 -18.225 22.011 1.0
0.0 17.0 43.631 -18.227 25.397 1.0
0.0 19.0 40.451 -19.993 24.044 1.0
0.0 18.0 39.185 -22.63 26.637 1.0
0.0 3.0 38.022 -28.357 23.376 1.0
0.0 8.0 38.216 -28.668 19.525 1.0
0.0 6.0 38.015 -24.8 19.025 1.0
0.0 15.0 39.33 -25.129 15.379 1.0
0.0 15.0 36.714 -27.827 14.439 1.0
0.0 5.0 34.56 -26.794 11.386 1.0
0.0 5.0 32.322 -29.911 11.961 1.0
0.0 20.0 29.055 -27.867 12.254 1.0
0.0 18.0 28.435 -25.587 9.195 1.0
0.0 5.0 27.778 -21.883 10.087 1.0
0.0 11.0 28.854 -22.269 13.785 1.0
0.0 4.0 31.54 -19.681 14.809 1.0
0.0 3.0 32.512 -16.787 19.375 1.0
0.0 6.0 29.124 -18.608 19.274 1.0
0.0 8.0 32.419 -19.227 23.714 1.0
0.0 16.0 28.981 -17.648 24.388 1.0
0.0 19.0 27.531 -21.183 24.918 1.0
0.0 5.0 29.768 -18.91 29.46 1.0
0.0 11.0 26.033 -19.78 29.781 1.0
0.0 8.0 27.04 -19.032 34.798 1.0
0.0 6.0 24.47 -21.86 35.338 1.0
0.0 11.0 26.961 -24.158 37.188 1.0
0.0 15.0 28.129 -21.167 39.319 1.0
0.0 15.0 24.448 -20.546 40.292 1.0
0.0 17.0 24.086 -24.268 41.268 1.0
0.0 5.0 27.309 -24.073 43.414 1.0
0.0 12.0 25.984 -21.042 45.389 1.0
0.0 15.0 23.558 -23.648 46.907 1.0
0.0 4.0 26.352 -26.313 47.479 1.0
0.0 5.0 29.507 -25.453 49.56 1.0
0.0 4.0 32.49 -27.523 48.241 1.0
0.0 6.0 35.226 -27.618 45.462 1.0
0.0 7.0 37.479 -25.25 43.369 1.0
0.0 8.0 36.764 -22.727 40.536 1.0
0.0 6.0 39.032 -24.738 38.153 1.0
0.0 7.0 36.699 -27.795 38.512 1.0
0.0 11.0 33.643 -25.716 37.353 1.0
0.0 5.0 35.433 -24.452 34.204 1.0
0.0 6.0 36.558 -28.043 33.429 1.0
0.0 3.0 32.915 -29.321 33.85 1.0
0.0 8.0 33.071 -30.887 28.966 1.0
0.0 11.0 29.314 -30.052 28.765 1.0
0.0 16.0 32.332 -30.482 24.13 1.0
0.0 8.0 29.653 -33.217 24.651 1.0
0.0 4.0 26.859 -30.998 23.178 1.0
0.0 5.0 30.126 -33.636 19.591 1.0
0.0 17.0 26.414 -34.679 19.569 1.0
0.0 6.0 25.129 -31.774 17.346 1.0
0.0 3.0 24.854 -31.902 13.477 1.0
0.0 10.0 23.426 -28.33 12.915 1.0
0.0 6.0 24.156 -24.937 14.608 1.0
0.0 17.0 20.455 -24.56 15.666 1.0
0.0 11.0 20.434 -28.04 17.338 1.0
0.0 3.0 22.242 -24.012 20.605 1.0
0.0 6.0 19.024 -25.866 21.606 1.0
0.0 15.0 21.035 -28.668 23.372 1.0
0.0 11.0 19.988 -24.141 26.339 1.0
0.0 3.0 18.406 -27.474 27.476 1.0
0.0 3.0 21.462 -28.351 29.699 1.0
0.0 10.0 21.307 -24.755 31.155 1.0
0.0 6.0 17.538 -25.138 31.852 1.0
0.0 7.0 18.178 -28.554 33.541 1.0
0.0 20.0 21.012 -27.061 35.753 1.0
0.0 16.0 18.586 -24.199 36.674 1.0
0.0 5.0 16.037 -26.956 37.598 1.0
0.0 6.0 18.457 -28.832 39.922 1.0
0.0 15.0 19.322 -25.403 41.49 1.0
0.0 3.0 15.575 -24.93 42.42 1.0
0.0 7.0 15.151 -28.549 43.596 0.0
0.0 2.0 18.171 -28.029 45.98 0.0
0.0 12.0 20.294 -30.682 44.16 0.0
0.0 18.0 23.902 -30.593 42.823 0.0
0.0 9.0 24.024 -31.119 39.024 0.0
0.0 7.0 25.912 -34.44 38.502 0.0
0.0 1.0 27.573 -35.602 35.222 0.0
0.0 2.0 27.894 -39.371 36.064 0.0
0.0 2.0 24.595 -40.738 34.616 0.0
0.0 15.0 25.447 -41.965 31.027 0.0
0.0 6.0 27.55 -45.172 30.861 0.0
0.0 3.0 26.603 -48.935 30.917 0.0
0.0 15.0 23.229 -50.211 30.486 0.0
0.0 19.0 22.26 -51.986 27.218 0.0
0.0 15.0 19.862 -54.819 26.138 0.0
0.0 6.0 16.345 -54.574 27.346 0.0
0.0 12.0 13.81 -53.753 24.554 0.0
0.0 6.0 11.079 -51.168 25.201 0.0
0.0 8.0 9.994 -48.886 22.305 0.0
0.0 18.0 10.04 -45.036 22.487 0.0
0.0 18.0 6.43 -43.714 21.965 0.0
0.0 8.0 5.443 -41.793 18.771 0.0
0.0 18.0 5.422 -37.925 18.364 0.0
0.0 17.0 2.503 -36.645 20.513 0.0
0.0 8.0 0.791 -33.877 18.308 0.0
0.0 9.0 -1.972 -31.701 19.953 0.0
0.0 7.0 -0.9890000000000002 -29.525 22.737 0.0
0.0 20.0 -2.12 -25.918 22.023 0.0
0.0 18.0 -1.553 -23.521 24.977 0.0
0.0 18.0 -3.453 -20.144 24.931 0.0
0.0 6.0 -2.017 -17.481 22.55 0.0
0.0 15.0 -1.387 -14.905 25.396 0.0
0.0 16.0 2.319 -15.613 26.28 0.0
0.0 10.0 5.686 -15.38 24.352 0.0
0.0 9.0 6.357 -12.072 22.642 0.0
0.0 15.0 10.178 -11.981 22.363 0.0
0.0 11.0 12.595 -11.512 19.387 0.0
0.0 3.0 12.102 -12.552 15.686 0.0
0.0 18.0 13.934 -14.999 13.511 0.0
0.0 3.0 13.466 -14.784 9.688 0.0
0.0 5.0 11.406 -17.597 8.080999999999998 0.0
0.0 10.0 13.99 -19.178 5.821 0.0
0.0 2.0 11.9 -21.925 4.17 0.0
0.0 6.0 13.807 -25.21 4.616 0.0
0.0 2.0 14.882 -27.011 1.437 0.0
0.0 14.0 14.254 -30.773 1.672 0.0
0.0 18.0 17.424 -32.941 1.416 0.0
0.0 3.0 17.147 -35.123 -1.701 0.0
0.0 2.0 19.144 -37.079 -3.021 0.0
0.0 15.0 19.451 -38.43 -6.575 0.0
0.0 19.0 16.65 -40.223 -8.428 0.0
0.0 18.0 15.187 -39.174 -11.844 0.0
0.0 14.0 11.372 -38.808 -11.914 0.0
0.0 12.0 9.553 -39.999 -15.032 0.0
0.0 4.0 7.053 -38.174 -17.27 0.0
0.0 6.0 3.256 -38.468 -16.722 0.0
0.0 4.0 3.043 -40.717 -19.88 0.0
0.0 8.0 5.518 -43.359 -18.521 0.0
0.0 11.0 3.427 -43.461 -15.282 0.0
0.0 1.0 0.38 -44.718 -17.34 0.0
0.0 8.0 2.108 -47.448 -19.464 0.0
0.0 4.0 3.518 -49.345 -16.389 0.0
0.0 4.0 -0.02 -50.453 -15.2 0.0
0.0 5.0 -0.209 -53.261 -17.838 0.0
0.0 20.0 1.926 -56.495 -17.818 0.0
0.0 5.0 1.553 -58.258 -14.475 0.0
0.0 8.0 -1.367 -60.729 -14.643 0.0
0.0 12.0 -0.957 -64.534 -15.245 0.0
0.0 6.0 -0.812 -67.12 -13.368 0.0
0.0 18.0 -2.43 -69.18 -10.839 0.0
0.0 12.0 -3.804 -70.894 -7.604 0.0
0.0 18.0 -4.853 -73.917 -6.194 0.0
0.0 8.0 -7.096 -74.611 -3.291 0.0
0.0 5.0 -8.21 -76.531 -0.206 0.0
0.0 2.0 -10.906 -76.479 1.913 0.0
0.0 2.0 -14.059 -76.56499999999998 3.445 0.0
0.0 8.0 -16.664 -76.77899999999998 5.701 0.0
0.0 16.0 -19.545 -75.82899999999998 7.562 0.0
0.0 8.0 -22.472 -73.944 8.157 0.0
0.0 18.0 -25.232 -73.51399999999998 10.975 0.0
0.0 18.0 -28.408 -72.804 12.224 0.0
0.0 15.0 -31.658 -72.40699999999998 14.28 0.0
0.0 5.0 -34.452 -69.832 15.206 0.0
0.0 18.0 -37.492 -69.024 16.312 0.0
0.0 19.0 -40.468 -66.961 17.862 0.0
0.0 2.0 -42.344 -64.977 19.628 0.0
0.0 11.0 -44.916 -62.936 20.671 0.0
0.0 11.0 -47.76 -60.596 20.877 0.0
0.0 7.0 -49.783 -58.359 22.161 0.0
0.0 8.0 -52.275 -55.536 23.408 0.0
0.0 7.0 -53.74 -52.826 24.965 0.0
0.0 2.0 -55.059 -49.676 27.01 0.0
0.0 15.0 -55.729 -46.454 27.984 0.0
0.0 8.0 -56.131 -43.764 29.905 0.0
0.0 18.0 -54.977 -40.408 31.715 0.0
0.0 11.0 -55.419 -37.62 34.482 0.0
0.0 18.0 -54.411 -35.778 37.133 0.0
0.0 2.0 -52.451 -34.294 40.17 0.0
0.0 18.0 -53.048 -31.453 42.749 0.0
0.0 5.0 -51.5 -28.137 43.941 0.0
0.0 2.0 -49.206 -26.885 46.702 0.0
0.0 8.0 -48.656 -23.055 47.01 0.0
0.0 10.0 -47.404 -20.355 49.315 0.0
0.0 18.0 -44.709 -17.53 49.374 0.0
0.0 2.0 -43.37 -14.972 51.907 0.0
0.0 2.0 -40.655 -13.824 54.389 0.0
0.0 15.0 -39.302 -10.233 54.877 0.0
0.0 6.0 -37.547 -8.342 57.748 0.0
0.0 16.0 -36.442 -5.207 57.541 0.0
0.0 9.0 -34.49 -2.851 59.911 0.0
0.0 2.0 -33.568 0.285 59.628 0.0
0.0 2.0 -32.289 3.916 58.862 0.0
0.0 18.0 -31.847 7.027 58.72 0.0
0.0 15.0 -30.127 10.507 58.098 0.0
0.0 18.0 -29.176 13.566 58.062 0.0
0.0 8.0 -27.044 16.551 56.811 0.0
0.0 3.0 -24.887 19.408 57.327 0.0
0.0 3.0 -23.183 21.801 54.815 0.0
0.0 6.0 -20.282 23.608 53.293 0.0
0.0 3.0 -17.179 25.884 52.944 0.0
0.0 15.0 -13.836 25.624 51.663 0.0
0.0 15.0 -10.41 26.703 52.128 0.0
0.0 15.0 -6.836 25.952 50.854 0.0
0.0 2.0 -4.209 23.448 52.133 0.0
0.0 2.0 -1.689 21.394 50.05 0.0
0.0 15.0 1.036 18.707 49.614 0.0
0.0 15.0 1.904 15.308 49.357 0.0
0.0 11.0 3.379 13.502 46.263 0.0
0.0 6.0 3.576 9.906 45.028 0.0
0.0 3.0 5.223 10.292 41.545 0.0
0.0 2.0 6.315 6.976 40.007 0.0
0.0 5.0 9.524 7.684999999999999 37.98 0.0
0.0 6.0 9.092 6.654 34.335 0.0
0.0 15.0 12.273 5.023 32.93 0.0
0.0 3.0 14.851 7.293 31.152 0.0
0.0 3.0 14.31 4.851 28.182 0.0
0.0 12.0 10.493 5.451 28.059 0.0
0.0 12.0 11.067 9.228 28.325 0.0
0.0 11.0 13.606 9.093000000000002 25.415 0.0
0.0 11.0 11.067 7.033 23.344 0.0
0.0 6.0 8.298 9.607 24.088 0.0
0.0 4.0 10.684 12.498 23.129 0.0
0.0 6.0 11.54 10.625 19.868 0.0
0.0 6.0 7.815 10.066 19.026 0.0
0.0 16.0 7.191 13.806 19.74 0.0
0.0 3.0 10.022 14.766 17.274 0.0
0.0 7.0 8.817999999999998 12.398 14.493 0.0
0.0 15.0 5.185 13.68 14.831 0.0
0.0 12.0 6.383 17.359 14.822 0.0
0.0 15.0 8.016 16.906 11.337 0.0
0.0 20.0 4.631 15.861 9.809 0.0
0.0 6.0 2.661 18.667 11.581 0.0
0.0 5.0 4.978 21.436 10.16 0.0
0.0 14.0 4.143 20.342 6.564 0.0
0.0 14.0 0.401 21.145 7.056 0.0
0.0 19.0 0.776 24.566 8.801999999999998 0.0
0.0 5.0 3.001 26.092 6.002 0.0
0.0 5.0 0.002 27.202 3.788 0.0
0.0 10.0 -1.178 30.433 5.587 0.0
0.0 8.0 1.479 33.068 4.686 0.0
0.0 15.0 0.37 35.616 2.031 0.0
0.0 18.0 2.979 38.317 1.149 0.0
0.0 6.0 1.902 41.878 2.047 0.0
0.0 11.0 4.331 44.768 1.433 0.0
0.0 11.0 4.675 48.047 3.034 0.0
0.0 6.0 7.312 50.091 4.934 0.0
0.0 15.0 7.714 52.658 7.740999999999999 0.0
0.0 6.0 10.885 53.026 9.89 0.0
0.0 18.0 12.276 53.431 13.294 0.0
0.0 8.0 13.275 54.561 16.836 0.0
0.0 6.0 16.366 53.606 18.938 0.0
0.0 8.0 18.315 53.4 22.348 0.0
0.0 2.0 21.314 52.16 23.249 0.0
0.0 6.0 24.562 51.818 23.845 0.0
0.0 19.0 28.311 51.192 22.843 0.0
0.0 18.0 31.635 50.955 22.373 0.0
0.0 15.0 35.44 50.077 21.802 0.0
0.0 19.0 37.935 49.69 19.772 0.0
0.0 8.0 40.343 49.571 16.662 0.0
0.0 2.0 41.775 48.627 13.721 0.0
0.0 10.0 43.078 49.035 10.623 0.0
0.0 12.0 44.046 48.986 6.75 0.0
0.0 2.0 44.333 48.195 3.599 0.0
0.0 18.0 42.836 48.198 0.012 0.0
0.0 18.0 42.295 46.684 -3.6 0.0
0.0 1.0 42.676 47.069 -7.490999999999999 0.0
0.0 6.0 41.398 46.72 -10.581 0.0
0.0 18.0 39.513 45.664 -13.891 0.0
0.0 8.0 40.061 45.636 -17.732 0.0
0.0 3.0 37.891 45.332 -20.934 0.0
0.0 9.0 38.301 44.293 -24.549 0.0
0.0 4.0 36.164 45.875 -27.341 0.0
0.0 2.0 35.29 45.943 -31.098 0.0
0.0 8.0 33.735 45.642 -33.802 0.0
0.0 8.0 30.847 45.957 -36.399 0.0
0.0 7.0 28.391 45.291 -38.502 0.0
0.0 2.0 25.101 44.043 -40.206 0.0
0.0 6.0 21.6 45.763 -40.436 0.0
0.0 2.0 17.879 44.908 -40.468 0.0
0.0 2.0 14.906 45.138 -39.467 0.0
0.0 16.0 11.265 46.113 -38.435 0.0
0.0 15.0 9.266 46.945 -35.21 0.0
0.0 18.0 6.813 48.115 -33.273 0.0
0.0 6.0 4.753 48.91 -30.662 0.0
0.0 18.0 3.21 48.688 -27.084 0.0
0.0 18.0 1.787 51.137 -24.485 0.0
0.0 12.0 1.377 52.026 -21.204 0.0
0.0 4.0 -0.152 53.758 -18.911 0.0
0.0 8.0 -1.959 54.357 -16.024 0.0
0.0 8.0 -3.459 54.613 -12.411 0.0
0.0 19.0 -6.653 55.741 -10.704 0.0
0.0 11.0 -8.673999999999998 55.439 -7.433 0.0
0.0 5.0 -12.319 54.973 -6.154 0.0
0.0 8.0 -15.608 55.209 -5.906 0.0
0.0 5.0 -18.872 53.375 -4.819 0.0
0.0 18.0 -22.339 53.488 -4.939 0.0
0.0 15.0 -25.151 51.057 -3.902 0.0
0.0 4.0 -28.926 50.91 -4.567 0.0
0.0 19.0 -31.707 48.262 -4.377 0.0
0.0 18.0 -35.264 47.983 -5.561 0.0
0.0 18.0 -37.745 46.318 -3.076 0.0
0.0 5.0 -40.306 43.476 -2.541 0.0
0.0 7.0 -43.822 43.091 -3.115 0.0
0.0 12.0 -46.269 40.116 -2.7 0.0
0.0 2.0 -48.622 37.827 -4.75 0.0
0.0 4.0 -49.809 34.13 -4.742 0.0
0.0 18.0 -51.144 31.721 -6.356 0.0
0.0 8.0 -52.435 28.899 -8.47 0.0
0.0 10.0 -53.602 26.394 -11.203 0.0
0.0 12.0 -52.31 23.975 -13.97 0.0
0.0 18.0 -52.192 22.164 -16.691 0.0
0.0 4.0 -50.401 19.943 -19.312 0.0
0.0 18.0 -49.513 19.986 -22.951 0.0
0.0 6.0 -49.499 19.635 -26.798 0.0
0.0 3.0 -46.894 19.2 -29.65 0.0
0.0 7.0 -46.176 21.002 -32.833 0.0
0.0 4.0 -43.712 20.478 -35.786 0.0
0.0 13.0 -42.16 22.853 -38.391 0.0
0.0 3.0 -41.166 21.905 -41.994 0.0
0.0 2.0 -38.754 22.003 -44.104 0.0
0.0 3.0 -37.257 22.07 -47.703 0.0
0.0 5.0 -36.865 19.615 -50.696 0.0
0.0 18.0 -35.537 17.981 -53.207 0.0
0.0 5.0 -33.888 16.052 -56.0 0.0
0.0 15.0 -34.518 12.385 -56.954 0.0
0.0 12.0 -33.593 9.483 -59.35 0.0
0.0 12.0 -33.928 6.271 -59.774 0.0
0.0 8.0 -34.905 2.49 -59.588 0.0
0.0 17.0 -35.549 -0.517 -58.449 0.0
0.0 18.0 -36.448 -3.47 -56.261 0.0
0.0 8.0 -37.098 -7.136 -55.051 0.0
0.0 15.0 -37.926 -8.906 -52.589 0.0
0.0 12.0 -39.478 -9.787 -49.154 0.0
0.0 18.0 -40.118 -12.787 -47.299 0.0
0.0 12.0 -41.87 -13.195 -43.948 0.0
0.0 3.0 -40.983 -16.379 -41.927 0.0
0.0 5.0 -41.966 -17.526 -38.887 0.0
0.0 18.0 -39.847 -19.4 -36.202 0.0
0.0 5.0 -39.554 -23.287 -35.903 0.0
0.0 18.0 -37.295 -25.594 -34.144 0.0
0.0 15.0 -35.54 -28.692 -32.632 0.0
0.0 6.0 -33.569 -30.963 -31.377 0.0
0.0 3.0 -32.165 -32.799 -28.745 0.0
0.0 18.0 -32.887 -33.556 -25.653 0.0
0.0 15.0 -34.18 -33.866 -21.988 0.0
0.0 10.0 -35.552 -32.839 -19.114 0.0
0.0 10.0 -38.306 -30.745 -18.067 0.0
0.0 6.0 -40.141 -28.926 -16.151 0.0
0.0 8.0 -41.299 -25.276 -15.782 0.0
0.0 10.0 -44.742 -24.27 -14.305 0.0
0.0 3.0 -46.13 -20.685 -13.953 0.0
0.0 2.0 -49.22 -19.039 -12.423 0.0
0.0 15.0 -51.03 -17.234 -10.277 0.0
0.0 10.0 -54.533 -16.284 -8.915 0.0
0.0 15.0 -56.07 -16.185 -5.597 0.0
0.0 6.0 -58.61 -17.455 -3.078 0.0
0.0 15.0 -59.845 -19.885 -0.344 0.0
0.0 8.0 -60.927 -22.593 0.908 0.0
0.0 12.0 -60.475 -25.599 3.326 0.0
0.0 2.0 -60.862 -29.394 2.715 0.0
0.0 4.0 -58.951 -32.402 4.212 0.0
0.0 11.0 -58.282 -36.078 3.731 0.0
0.0 17.0 -55.986 -38.932 2.416 0.0
0.0 18.0 -54.903 -42.0 1.876 0.0
0.0 4.0 -53.72 -45.007 0.637 0.0
0.0 6.0 -51.459 -47.678 -1.07 0.0
0.0 12.0 -49.195 -49.08 -2.937 0.0
0.0 7.0 -45.317 -49.442 -2.741 0.0
0.0 18.0 -42.187 -49.791 -3.324 0.0
0.0 14.0 -38.803 -48.311 -4.182 0.0
0.0 12.0 -36.895 -47.1 -1.079 0.0
0.0 11.0 -34.815 -43.898 -0.54 0.0
0.0 15.0 -31.353 -42.905 0.56 0.0
0.0 6.0 -30.779 -39.349 1.916 0.0
0.0 18.0 -27.828 -37.035 0.888 0.0
0.0 2.0 -24.961 -38.469 2.996 1.0
0.0 10.0 -22.651 -36.08 4.919 1.0
0.0 15.0 -19.08 -36.013 3.549 1.0
0.0 11.0 -16.378 -37.97 5.481 1.0
0.0 3.0 -14.488 -34.607 5.705 1.0
0.0 8.0 -17.456 -32.896 7.469999999999998 1.0
0.0 6.0 -18.066 -35.934 9.748 1.0
0.0 6.0 -14.338 -35.944 10.756 1.0
0.0 17.0 -14.406 -32.137 11.416 1.0
0.0 10.0 -17.43 -32.689 13.766 1.0
0.0 10.0 -15.972 -35.834 15.481 1.0
0.0 10.0 -12.552 -34.199 16.214 1.0
0.0 3.0 -14.342 -31.147 17.78 1.0
0.0 19.0 -16.57 -33.452 19.901 1.0
0.0 11.0 -13.556 -35.619 21.041 1.0
0.0 4.0 -11.104 -32.709 21.777 1.0
0.0 18.0 -12.533 -32.182 25.372 1.0
0.0 14.0 -12.251 -35.942 26.232 1.0
0.0 9.0 -8.605 -35.902 24.992 1.0
0.0 3.0 -7.831 -32.84 27.231 1.0
0.0 8.0 -9.54 -34.721 30.128 1.0
0.0 2.0 -6.888 -37.523 29.652 1.0
0.0 3.0 -9.534 -40.185 28.661 1.0
0.0 14.0 -7.213 -41.68 25.974 1.0
0.0 6.0 -3.952 -43.526 26.817 1.0
0.0 15.0 -2.267 -42.16 23.618 1.0
0.0 3.0 -3.002 -39.892 20.589 1.0
0.0 8.0 -2.805 -42.927 18.235 1.0
0.0 11.0 -5.941 -44.116 20.126 1.0
0.0 14.0 -7.525 -40.625 19.749 1.0
0.0 3.0 -6.785 -40.731 15.943 1.0
0.0 2.0 -8.07 -44.365 15.675 1.0
0.0 14.0 -11.335 -43.634 17.551 1.0
0.0 6.0 -11.841 -40.337 15.631 1.0
0.0 5.0 -11.407 -42.26 12.307 1.0
0.0 16.0 -13.719 -45.121 13.453 1.0
0.0 11.0 -16.483 -42.659 14.561 1.0
0.0 15.0 -16.048 -40.708 11.261 1.0
0.0 16.0 -16.719 -43.93 9.274 1.0
0.0 11.0 -19.622 -44.984 11.604 1.0
0.0 11.0 -21.313 -41.554 11.065 1.0
0.0 4.0 -20.953 -41.912 7.232 1.0
0.0 12.0 -22.513 -45.45 7.360999999999998 1.0
0.0 3.0 -25.207 -44.779 10.057 1.0
0.0 4.0 -26.816 -41.411 9.219 1.0
0.0 15.0 -30.124 -41.944 11.071 1.0
0.0 18.0 -32.823 -39.833 9.272 1.0
0.0 2.0 -33.684 -36.833 11.523 1.0
0.0 5.0 -30.6 -36.379 13.843 1.0
0.0 15.0 -27.645 -34.032 13.285 1.0
0.0 10.0 -24.184 -35.677 12.835 1.0
0.0 3.0 -23.124 -33.552 15.879 1.0
0.0 8.0 -25.813 -35.065 18.184 1.0
0.0 8.0 -25.139 -38.586 16.815 1.0
0.0 6.0 -21.369 -38.082 17.458 1.0
0.0 12.0 -22.159 -36.691 20.979 1.0
0.0 17.0 -24.423 -39.744 21.668 1.0
0.0 11.0 -21.829 -42.353 20.508 1.0
0.0 20.0 -19.087 -40.564 22.556 1.0
0.0 5.0 -21.36 -40.313 25.68 1.0
0.0 16.0 -22.391 -44.003 25.392 1.0
0.0 14.0 -18.732 -45.163 25.034 1.0
0.0 14.0 -17.599 -43.127 28.113 1.0
0.0 16.0 -20.733 -44.018 30.221 1.0
0.0 2.0 -18.895 -46.97 31.924 1.0
0.0 5.0 -15.219 -46.332 30.857 1.0
0.0 6.0 -12.888 -43.933 32.74 1.0
0.0 5.0 -10.222 -44.196 29.959 1.0
0.0 19.0 -9.662 -45.842 26.566 1.0
0.0 8.0 -6.461 -47.936 26.653 1.0
0.0 15.0 -6.7 -50.201 23.524 1.0
0.0 8.0 -8.396 -50.286 20.066 1.0
0.0 6.0 -10.334 -53.357 21.359 1.0
0.0 7.0 -12.312 -50.967 23.66 1.0
0.0 13.0 -14.427 -49.578 20.772 1.0
0.0 16.0 -14.988 -52.824 18.773 1.0
0.0 2.0 -18.14 -53.123 21.0 1.0
0.0 11.0 -19.624 -50.039 19.158 1.0
0.0 19.0 -20.11 -52.437 16.22 1.0
0.0 2.0 -23.633 -53.637 16.852 1.0
0.0 18.0 -23.636 -57.034 15.054 1.0
0.0 12.0 -23.139 -57.101 11.277 1.0
0.0 5.0 -25.852 -58.648 9.123 1.0
