#Coor		Free	+/-		Prob		+/-
0.810800	inf	nan	0.000000	0.000000
0.832400	inf	nan	0.000000	0.000000
0.854000	inf	nan	0.000000	0.000000
0.875600	3.071322	nan	0.000373	0.000272
0.897200	2.448742	0.278800	0.001062	0.000430
0.918800	2.308807	0.182945	0.001344	0.000565
0.940400	1.712097	0.138029	0.003665	0.000770
0.962000	1.344733	0.094579	0.006797	0.000984
0.983600	0.971407	0.061060	0.012731	0.001480
1.005200	0.788146	0.047584	0.017324	0.001534
1.026800	0.583598	0.045220	0.024433	0.001614
1.048400	0.479547	0.037920	0.029103	0.001845
1.070000	0.318723	0.032514	0.038137	0.002053
1.091600	0.284460	0.028368	0.040399	0.001923
1.113200	0.191573	0.026831	0.047226	0.002140
1.134800	0.126324	0.025076	0.052701	0.002203
1.156400	0.101048	0.022312	0.054988	0.002063
1.178000	0.038329	0.020693	0.061102	0.002130
1.199600	0.000000	0.020354	0.065169	0.002232
1.221200	0.000814	0.018609	0.065079	0.002034
1.242800	0.019661	0.019449	0.063050	0.002050
1.264400	0.091934	0.019281	0.055837	0.001809
1.286000	0.119826	0.019557	0.053279	0.001746
1.307600	0.186020	0.019565	0.047669	0.001566
1.329200	0.242618	0.018913	0.043342	0.001376
1.350800	0.354804	0.020781	0.035893	0.001250
1.372400	0.448539	0.021135	0.030661	0.001089
1.394000	0.538614	0.021703	0.026352	0.000959
1.415600	0.654327	0.023663	0.021694	0.000860
1.437200	0.723071	0.024084	0.019327	0.000786
1.458800	0.848214	0.025859	0.015660	0.000677
1.480400	1.001749	0.026448	0.012098	0.000536
1.502000	1.101048	0.027997	0.010238	0.000482
1.523600	1.230443	0.029815	0.008237	0.000413
1.545200	1.338787	0.030870	0.006865	0.000356
1.566800	1.402390	0.030777	0.006169	0.000319
1.588400	1.616758	0.032211	0.004302	0.000234
1.610000	1.729155	0.034250	0.003562	0.000204
1.631600	1.857843	0.034398	0.002869	0.000165
1.653200	2.058582	0.038432	0.002047	0.000132
1.674800	2.235379	0.043727	0.001521	0.000112
1.696400	2.288832	0.044669	0.001390	0.000106
1.718000	2.390675	0.042914	0.001171	0.000082
1.739600	2.449215	0.040896	0.001062	0.000073
1.761200	2.689967	0.048109	0.000708	0.000059
1.782800	2.885146	0.052292	0.000510	0.000044
1.804400	2.917383	0.050363	0.000483	0.000040
1.826000	3.032217	0.053963	0.000398	0.000035
1.847600	3.144560	0.052788	0.000330	0.000030
1.869200	3.329894	0.057516	0.000242	0.000023
1.890800	3.349790	0.054781	0.000234	0.000022
1.912400	3.412758	0.054267	0.000210	0.000019
1.934000	3.611883	0.059022	0.000150	0.000015
1.955600	3.577617	0.055917	0.000159	0.000015
1.977200	3.707598	0.055235	0.000128	0.000012
1.998800	3.799942	0.055126	0.000110	0.000010
2.020400	4.159123	0.065713	0.000060	0.000007
2.042000	4.095365	0.065694	0.000067	0.000007
2.063600	4.240124	0.068155	0.000052	0.000006
2.085200	4.361906	0.067611	0.000043	0.000005
2.106800	4.463525	0.066028	0.000036	0.000004
2.128400	4.572844	0.069153	0.000030	0.000003
2.150000	4.706810	0.069810	0.000024	0.000003
2.171600	4.717216	0.064928	0.000023	0.000003
2.193200	4.913659	0.069128	0.000017	0.000002
2.214800	5.191552	0.085666	0.000011	0.000001
2.236400	5.301849	0.083741	0.000009	0.000001
2.258000	5.496016	0.101020	0.000006	0.000001
2.279600	5.413992	0.082755	0.000007	0.000001
2.301200	5.651743	0.094040	0.000005	0.000001
2.322800	5.847777	0.106003	0.000004	0.000001
2.344400	6.006513	0.106346	0.000003	0.000001
2.366000	6.070883	0.103591	0.000002	0.000000
2.387600	6.065385	0.105086	0.000002	0.000000
2.409200	6.319539	0.119485	0.000002	0.000000
2.430800	6.380473	0.120218	0.000001	0.000000
2.452400	6.462575	0.110940	0.000001	0.000000
2.474000	6.715334	0.131847	0.000001	0.000000
2.495600	6.856004	0.156992	0.000001	0.000000
2.517200	6.877095	0.127157	0.000001	0.000000
2.538800	6.929537	0.124742	0.000001	0.000000
2.560400	7.162503	0.140028	0.000000	0.000000
2.582000	7.500518	0.264037	0.000000	0.000000
2.603600	7.356132	0.172525	0.000000	0.000000
2.625200	7.472480	0.161716	0.000000	0.000000
2.646800	7.511481	0.151530	0.000000	0.000000
2.668400	7.711824	0.182350	0.000000	0.000000
2.690000	8.248021	0.279305	0.000000	0.000000
2.711600	8.323679	0.224199	0.000000	0.000000
2.733200	8.227609	0.254750	0.000000	0.000000
2.754800	8.232009	0.262651	0.000000	0.000000
2.776400	8.455370	nan	0.000000	0.000000
2.798000	8.449183	0.240450	0.000000	0.000000
2.819600	8.521814	nan	0.000000	0.000000
2.841200	9.177294	nan	0.000000	0.000000
2.862800	8.744636	nan	0.000000	0.000000
2.884400	9.560622	nan	0.000000	0.000000
2.906000	9.630731	nan	0.000000	0.000000
2.927600	9.155118	nan	0.000000	0.000000
2.949200	9.769019	nan	0.000000	0.000000
2.970800	10.249527	nan	0.000000	0.000000
2.992400	9.251168	nan	0.000000	0.000000
3.014000	9.730365	nan	0.000000	0.000000
3.035600	10.037766	nan	0.000000	0.000000
3.057200	10.103301	nan	0.000000	0.000000
3.078800	inf	nan	0.000000	0.000000
3.100400	9.820032	nan	0.000000	0.000000
3.122000	10.054694	nan	0.000000	0.000000
3.143600	10.117547	nan	0.000000	0.000000
3.165200	10.833262	nan	0.000000	0.000000
3.186800	inf	nan	0.000000	0.000000
3.208400	10.955573	nan	0.000000	0.000000
3.230000	10.603368	nan	0.000000	0.000000
3.251600	inf	nan	0.000000	0.000000
3.273200	10.721577	nan	0.000000	0.000000
3.294800	inf	nan	0.000000	0.000000
3.316400	11.249371	nan	0.000000	0.000000
3.338000	10.481390	nan	0.000000	0.000000
3.359600	inf	nan	0.000000	0.000000
3.381200	11.005039	nan	0.000000	0.000000
3.402800	11.059654	nan	0.000000	0.000000
3.424400	10.701239	nan	0.000000	0.000000
3.446000	10.621722	nan	0.000000	0.000000
3.467600	10.565794	nan	0.000000	0.000000
3.489200	11.683506	nan	0.000000	0.000000
3.510800	11.081105	nan	0.000000	0.000000
3.532400	11.131547	nan	0.000000	0.000000
3.554000	11.010157	nan	0.000000	0.000000
3.575600	10.576802	0.245652	0.000000	0.000000
3.597200	11.107557	nan	0.000000	0.000000
3.618800	10.822309	0.262881	0.000000	0.000000
3.640400	11.202171	nan	0.000000	0.000000
3.662000	11.115690	nan	0.000000	0.000000
3.683600	10.811596	0.228228	0.000000	0.000000
3.705200	11.005969	0.241742	0.000000	0.000000
3.726800	11.050146	nan	0.000000	0.000000
3.748400	10.881452	0.214060	0.000000	0.000000
3.770000	10.924242	0.232388	0.000000	0.000000
3.791600	11.029017	nan	0.000000	0.000000
3.813200	10.851673	0.181885	0.000000	0.000000
3.834800	11.048464	0.193695	0.000000	0.000000
3.856400	11.088492	0.214552	0.000000	0.000000
3.878000	11.190509	0.209992	0.000000	0.000000
3.899600	11.109788	0.206525	0.000000	0.000000
3.921200	11.004296	0.177912	0.000000	0.000000
3.942800	11.654079	0.253355	0.000000	0.000000
3.964400	11.037143	0.158015	0.000000	0.000000
3.986000	11.447012	0.188024	0.000000	0.000000
4.007600	11.149355	0.167440	0.000000	0.000000
4.029200	11.104490	0.176316	0.000000	0.000000
4.050800	11.417980	0.233076	0.000000	0.000000
4.072400	11.101542	0.148863	0.000000	0.000000
4.094000	11.427057	0.163813	0.000000	0.000000
4.115600	11.578317	nan	0.000000	0.000000
4.137200	11.390785	0.189089	0.000000	0.000000
4.158800	11.081938	0.127366	0.000000	0.000000
4.180400	11.111834	0.112482	0.000000	0.000000
4.202000	11.141072	0.138219	0.000000	0.000000
4.223600	11.196098	0.136154	0.000000	0.000000
4.245200	11.197585	0.133318	0.000000	0.000000
4.266800	11.066805	0.109163	0.000000	0.000000
4.288400	11.134482	0.127171	0.000000	0.000000
4.310000	11.227889	0.118739	0.000000	0.000000
4.331600	11.207457	0.117654	0.000000	0.000000
4.353200	11.044736	0.109583	0.000000	0.000000
4.374800	11.193573	0.111571	0.000000	0.000000
4.396400	11.178630	0.106812	0.000000	0.000000
4.418000	11.131385	0.103727	0.000000	0.000000
4.439600	11.170341	0.100560	0.000000	0.000000
4.461200	11.175161	0.100603	0.000000	0.000000
4.482800	11.037511	0.092124	0.000000	0.000000
4.504400	11.250474	0.109418	0.000000	0.000000
4.526000	11.204048	0.108290	0.000000	0.000000
4.547600	11.048147	0.085318	0.000000	0.000000
4.569200	11.021763	0.085983	0.000000	0.000000
4.590800	10.940323	0.078957	0.000000	0.000000
4.612400	11.231794	0.092728	0.000000	0.000000
4.634000	11.095831	0.083908	0.000000	0.000000
4.655600	11.123331	0.080571	0.000000	0.000000
4.677200	11.116467	0.087015	0.000000	0.000000
4.698800	11.039776	0.077272	0.000000	0.000000
4.720400	11.191696	0.087153	0.000000	0.000000
4.742000	11.107103	0.078877	0.000000	0.000000
4.763600	11.140920	0.082789	0.000000	0.000000
4.785200	11.075533	0.077035	0.000000	0.000000
4.806800	11.198009	0.081176	0.000000	0.000000
4.828400	11.198725	0.087506	0.000000	0.000000
4.850000	11.074905	0.077130	0.000000	0.000000
4.871600	11.076883	0.078176	0.000000	0.000000
4.893200	11.241256	0.085534	0.000000	0.000000
4.914800	11.104896	0.074850	0.000000	0.000000
4.936400	11.140264	0.077574	0.000000	0.000000
4.958000	10.977523	0.068201	0.000000	0.000000
4.979600	11.147580	0.075477	0.000000	0.000000
5.001200	11.103903	0.074868	0.000000	0.000000
5.022800	10.954026	0.062046	0.000000	0.000000
5.044400	11.012664	0.066418	0.000000	0.000000
5.066000	11.060966	0.069979	0.000000	0.000000
5.087600	10.965179	0.066020	0.000000	0.000000
5.109200	11.116804	0.075525	0.000000	0.000000
5.130800	10.986744	0.066495	0.000000	0.000000
5.152400	10.965719	0.066174	0.000000	0.000000
5.174000	11.019640	0.068299	0.000000	0.000000
5.195600	11.063446	0.069696	0.000000	0.000000
5.217200	11.011594	0.067843	0.000000	0.000000
5.238800	11.000570	0.065152	0.000000	0.000000
5.260400	10.930374	0.063284	0.000000	0.000000
5.282000	10.996331	0.065575	0.000000	0.000000
5.303600	10.978124	0.067534	0.000000	0.000000
5.325200	10.984021	0.066419	0.000000	0.000000
5.346800	10.892501	0.062597	0.000000	0.000000
5.368400	10.976036	0.065663	0.000000	0.000000
5.390000	10.968317	0.065286	0.000000	0.000000
5.411600	10.954247	0.067298	0.000000	0.000000
5.433200	10.963480	0.066160	0.000000	0.000000
5.454800	10.954342	0.063945	0.000000	0.000000
5.476400	10.888606	0.060243	0.000000	0.000000
5.498000	10.923206	0.062442	0.000000	0.000000
5.519600	10.901640	0.063270	0.000000	0.000000
5.541200	10.880042	0.062129	0.000000	0.000000
5.562800	10.987193	0.066928	0.000000	0.000000
5.584400	10.961742	0.066876	0.000000	0.000000
5.606000	10.912352	0.066422	0.000000	0.000000
5.627600	10.923117	0.065314	0.000000	0.000000
5.649200	10.775448	0.058390	0.000000	0.000000
5.670800	10.849429	0.062292	0.000000	0.000000
5.692400	10.917002	0.068271	0.000000	0.000000
5.714000	10.877243	0.066309	0.000000	0.000000
5.735600	10.832807	0.065035	0.000000	0.000000
5.757200	10.900335	0.067131	0.000000	0.000000
5.778800	10.929168	0.071959	0.000000	0.000000
5.800400	10.982746	0.074210	0.000000	0.000000
5.822000	10.872618	0.068838	0.000000	0.000000
5.843600	10.798760	0.065219	0.000000	0.000000
5.865200	10.908353	0.073767	0.000000	0.000000
5.886800	10.859965	0.070172	0.000000	0.000000
5.908400	10.800279	0.068355	0.000000	0.000000
5.930000	10.934162	0.073829	0.000000	0.000000
5.951600	10.850585	0.072763	0.000000	0.000000
5.973200	10.902983	0.076102	0.000000	0.000000
5.994800	10.832750	0.068740	0.000000	0.000000
6.016400	10.928575	0.080793	0.000000	0.000000
6.038000	10.769365	0.071112	0.000000	0.000000
6.059600	10.875168	0.078345	0.000000	0.000000
6.081200	11.047904	0.091140	0.000000	0.000000
6.102800	10.828266	0.079957	0.000000	0.000000
6.124400	10.834227	0.079021	0.000000	0.000000
6.146000	10.840756	0.080720	0.000000	0.000000
6.167600	10.766095	0.076553	0.000000	0.000000
6.189200	10.761350	0.081465	0.000000	0.000000
#Window		Free	+/-	
#0	0.000000	0.000000
#1	-0.047818	0.000417
#2	-0.040000	0.000825
#3	0.023263	0.001225
#4	0.141756	0.001619
#5	0.315231	0.002008
#6	0.543400	0.002395
#7	0.825925	0.002781
#8	1.162403	0.003168
#9	1.552350	0.003560
#10	1.995174	0.003961
#11	2.490149	0.004374
#12	3.036375	0.004808
#13	3.632731	0.005269
#14	4.277817	0.005770
#15	4.969879	0.006326
#16	5.706685	0.006955
#17	6.485214	0.007683
#18	7.300499	0.008544
#19	8.140519	0.009618
#20	8.964585	0.011250
#21	9.644618	0.014904
#22	10.003112	0.020429
#23	10.098952	0.023622
#24	10.105490	0.025009
#25	10.099107	0.025916
#26	10.102424	0.026708
#27	10.124777	0.027453
#28	10.172577	0.028162
#29	10.251232	0.028844
