#Coor		Free	+/-		Prob		+/-
0.808800	inf	nan	0.000000	0.000000
0.826400	inf	nan	0.000000	0.000000
0.844000	inf	nan	0.000000	0.000000
0.861600	inf	nan	0.000000	0.000000
0.879200	inf	nan	0.000000	0.000000
0.896800	inf	nan	0.000000	0.000000
0.914400	3.084480	nan	0.000049	0.000049
0.932000	inf	nan	0.000000	0.000045
0.949600	inf	nan	0.000000	0.000000
0.967200	inf	nan	0.000000	0.000000
0.984800	inf	nan	0.000000	0.000000
1.002400	inf	nan	0.000000	0.000000
1.020000	inf	nan	0.000000	0.000000
1.037600	inf	nan	0.000000	0.000000
1.055200	inf	nan	0.000000	0.000000
1.072800	inf	nan	0.000000	0.000000
1.090400	2.520909	nan	0.000126	0.000073
1.108000	2.768774	nan	0.000083	0.000092
1.125600	2.362698	nan	0.000164	0.000058
1.143200	2.235819	nan	0.000203	0.000088
1.160800	2.241294	0.263621	0.000201	0.000108
1.178400	2.137925	nan	0.000240	0.000091
1.196000	2.050937	0.212782	0.000277	0.000121
1.213600	1.843102	0.236248	0.000393	0.000112
1.231200	1.497419	0.155070	0.000703	0.000160
1.248800	1.501041	0.126495	0.000699	0.000199
1.266400	1.308894	0.138976	0.000966	0.000184
1.284000	1.475080	0.139659	0.000730	0.000166
1.301600	1.205962	0.119425	0.001148	0.000210
1.319200	1.116531	0.107638	0.001334	0.000225
1.336800	0.906306	0.085307	0.001900	0.000279
1.354400	1.040691	0.101322	0.001516	0.000252
1.372000	0.668088	0.073854	0.002836	0.000350
1.389600	0.822047	0.077791	0.002189	0.000286
1.407200	0.773621	0.076444	0.002375	0.000310
1.424800	0.517378	0.062508	0.003653	0.000372
1.442400	0.694904	0.073011	0.002711	0.000331
1.460000	0.610299	0.067210	0.003125	0.000350
1.477600	0.535990	0.060952	0.003541	0.000383
1.495200	0.405274	0.056439	0.004411	0.000400
1.512800	0.409645	0.053113	0.004379	0.000405
1.530400	0.369021	0.054415	0.004688	0.000409
1.548000	0.304231	0.049726	0.005228	0.000447
1.565600	0.226148	0.048711	0.005961	0.000485
1.583200	0.251749	0.049120	0.005710	0.000464
1.600800	0.189753	0.047463	0.006337	0.000509
1.618400	0.217271	0.047547	0.006051	0.000477
1.636000	0.196723	0.048100	0.006263	0.000510
1.653600	0.176597	0.045564	0.006479	0.000500
1.671200	0.047267	0.042777	0.008052	0.000579
1.688800	0.130880	0.044961	0.006996	0.000542
1.706400	0.017174	0.041602	0.008470	0.000579
1.724000	0.078173	0.043151	0.007645	0.000569
1.741600	0.110042	0.043978	0.007246	0.000538
1.759200	0.066689	0.043671	0.007794	0.000554
1.776800	0.040210	0.041808	0.008148	0.000569
1.794400	0.014591	0.041507	0.008507	0.000598
1.812000	0.052154	0.042667	0.007986	0.000578
1.829600	0.052247	0.042032	0.007985	0.000565
1.847200	0.014327	0.041082	0.008511	0.000586
1.864800	0.083604	0.044589	0.007575	0.000566
1.882400	0.019940	0.041549	0.008431	0.000587
1.900000	0.005610	0.042390	0.008636	0.000615
1.917600	0.049894	0.044005	0.008017	0.000594
1.935200	0.014266	0.042300	0.008511	0.000605
1.952800	0.000000	0.043089	0.008718	0.000642
1.970400	0.069851	0.042919	0.007752	0.000557
1.988000	0.096876	0.047751	0.007408	0.000583
2.005600	0.132702	0.046703	0.006975	0.000545
2.023200	0.040068	0.042237	0.008150	0.000577
2.040800	0.082719	0.045870	0.007586	0.000580
2.058400	0.077098	0.046120	0.007658	0.000594
2.076000	0.130618	0.049320	0.006999	0.000586
2.093600	0.114129	0.047529	0.007196	0.000568
2.111200	0.122964	0.045646	0.007090	0.000558
2.128800	0.036739	0.044967	0.008196	0.000589
2.146400	0.077438	0.046377	0.007654	0.000609
2.164000	0.195252	0.048199	0.006279	0.000531
2.181600	0.028924	0.043189	0.008304	0.000586
2.199200	0.066454	0.045676	0.007797	0.000586
2.216800	0.096183	0.046038	0.007417	0.000577
2.234400	0.170119	0.050630	0.006550	0.000556
2.252000	0.197902	0.046682	0.006251	0.000486
2.269600	0.249733	0.050468	0.005729	0.000514
2.287200	0.184230	0.051419	0.006396	0.000514
2.304800	0.183838	0.051405	0.006400	0.000553
2.322400	0.301150	0.056052	0.005255	0.000498
2.340000	0.301058	0.052924	0.005256	0.000495
2.357600	0.200201	0.053339	0.006227	0.000527
2.375200	0.204638	0.050841	0.006180	0.000533
2.392800	0.267662	0.054396	0.005559	0.000500
2.410400	0.272892	0.054166	0.005511	0.000510
2.428000	0.245633	0.053795	0.005769	0.000513
2.445600	0.173816	0.047964	0.006509	0.000537
2.463200	0.345852	0.055680	0.004874	0.000436
2.480800	0.320672	0.053525	0.005085	0.000465
2.498400	0.227205	0.049066	0.005950	0.000493
2.516000	0.273917	0.050972	0.005501	0.000481
2.533600	0.309316	0.053887	0.005183	0.000465
2.551200	0.331166	0.057338	0.004996	0.000464
2.568800	0.343221	0.055829	0.004896	0.000480
2.586400	0.360950	0.055947	0.004752	0.000437
2.604000	0.443753	0.060718	0.004135	0.000418
2.621600	0.409605	0.058478	0.004379	0.000430
2.639200	0.435407	0.060260	0.004193	0.000426
2.656800	0.390814	0.058134	0.004520	0.000425
2.674400	0.290160	0.052300	0.005353	0.000467
2.692000	0.412299	0.057734	0.004359	0.000419
2.709600	0.359486	0.054792	0.004764	0.000447
2.727200	0.446579	0.061087	0.004115	0.000410
2.744800	0.425209	0.057542	0.004266	0.000414
2.762400	0.433551	0.061328	0.004206	0.000418
2.780000	0.597478	0.067389	0.003193	0.000381
2.797600	0.409905	0.057084	0.004377	0.000402
2.815200	0.509852	0.061931	0.003700	0.000398
2.832800	0.455794	0.060565	0.004052	0.000416
2.850400	0.563326	0.069519	0.003382	0.000364
2.868000	0.398475	0.055655	0.004462	0.000423
2.885600	0.540724	0.064600	0.003513	0.000376
2.903200	0.523279	0.062511	0.003617	0.000381
2.920800	0.512934	0.062808	0.003681	0.000377
2.938400	0.542113	0.060445	0.003505	0.000367
2.956000	0.417538	0.057764	0.004321	0.000416
2.973600	0.547580	0.061158	0.003473	0.000365
2.991200	0.492379	0.060960	0.003810	0.000386
3.008800	0.566693	0.064992	0.003363	0.000352
3.026400	0.576347	0.065431	0.003309	0.000374
3.044000	0.551669	0.064673	0.003449	0.000363
3.061600	0.490980	0.060214	0.003819	0.000380
3.079200	0.441848	0.056598	0.004148	0.000400
3.096800	0.496208	0.061913	0.003786	0.000377
3.114400	0.648276	0.068500	0.002932	0.000330
3.132000	0.650807	0.068078	0.002919	0.000345
3.149600	0.594498	0.066856	0.003209	0.000339
3.167200	0.640495	0.066221	0.002970	0.000347
3.184800	0.658155	0.066160	0.002884	0.000322
3.202400	0.581079	0.064606	0.003282	0.000332
3.220000	0.611062	0.064629	0.003121	0.000354
3.237600	0.672856	0.071183	0.002813	0.000321
3.255200	0.581125	0.063558	0.003282	0.000347
3.272800	0.743368	0.073883	0.002499	0.000318
3.290400	0.592078	0.065891	0.003222	0.000350
3.308000	0.765238	0.072541	0.002409	0.000291
3.325600	0.630862	0.063616	0.003019	0.000326
3.343200	0.632759	0.065007	0.003009	0.000333
3.360800	0.535763	0.064673	0.003542	0.000356
3.378400	0.608349	0.061773	0.003135	0.000336
3.396000	0.596518	0.063410	0.003198	0.000339
3.413600	0.604857	0.064143	0.003154	0.000335
3.431200	0.548474	0.059546	0.003467	0.000338
3.448800	0.679626	0.067508	0.002781	0.000329
3.466400	0.563726	0.065339	0.003380	0.000346
3.484000	0.674751	0.066866	0.002804	0.000329
3.501600	0.706892	0.073043	0.002657	0.000319
3.519200	0.525127	0.059968	0.003606	0.000368
3.536800	0.607299	0.064416	0.003141	0.000326
3.554400	0.601636	0.063546	0.003171	0.000333
3.572000	0.695338	0.068196	0.002709	0.000311
3.589600	0.752847	0.071385	0.002459	0.000296
3.607200	0.523809	0.059425	0.003614	0.000351
3.624800	0.554046	0.057597	0.003435	0.000329
3.642400	0.729786	0.070338	0.002556	0.000310
3.660000	0.698505	0.070371	0.002694	0.000294
3.677600	0.683610	0.064643	0.002763	0.000336
3.695200	0.599753	0.067860	0.003181	0.000320
3.712800	0.800083	0.072721	0.002272	0.000296
3.730400	0.587064	0.062900	0.003250	0.000332
3.748000	0.587039	0.062969	0.003250	0.000337
3.765600	0.619790	0.065232	0.003076	0.000340
3.783200	0.586691	0.059102	0.003252	0.000311
3.800800	0.592795	0.062831	0.003218	0.000331
3.818400	0.612086	0.063727	0.003116	0.000348
3.836000	0.585398	0.061699	0.003259	0.000335
3.853600	0.584756	0.063798	0.003262	0.000341
3.871200	0.546814	0.062727	0.003477	0.000363
3.888800	0.534056	0.057820	0.003552	0.000372
3.906400	0.734423	0.075015	0.002537	0.000280
3.924000	0.549938	0.060696	0.003459	0.000356
3.941600	0.530801	0.060044	0.003572	0.000347
3.959200	0.523623	0.061068	0.003615	0.000364
3.976800	0.533968	0.061201	0.003553	0.000373
3.994400	0.608457	0.062618	0.003135	0.000331
4.012000	0.561246	0.060341	0.003394	0.000331
4.029600	0.540946	0.059763	0.003512	0.000365
4.047200	0.603042	0.066744	0.003163	0.000339
4.064800	0.587611	0.061887	0.003247	0.000340
4.082400	0.633583	0.068275	0.003005	0.000333
4.100000	0.502827	0.060476	0.003744	0.000377
4.117600	0.593990	0.062610	0.003212	0.000336
4.135200	0.678594	0.072089	0.002786	0.000338
4.152800	0.609266	0.064722	0.003131	0.000335
4.170400	0.540204	0.061701	0.003516	0.000357
4.188000	0.549816	0.065376	0.003460	0.000377
4.205600	0.643674	0.070418	0.002955	0.000349
4.223200	0.530608	0.062036	0.003573	0.000360
4.240800	0.461920	0.059679	0.004010	0.000400
4.258400	0.575752	0.063277	0.003312	0.000355
4.276000	0.578790	0.061415	0.003295	0.000335
4.293600	0.610413	0.068346	0.003125	0.000350
4.311200	0.584596	0.065871	0.003263	0.000368
4.328800	0.513327	0.060608	0.003678	0.000372
4.346400	0.483997	0.061409	0.003864	0.000383
4.364000	0.543300	0.062229	0.003498	0.000371
4.381600	0.559020	0.061083	0.003406	0.000346
4.399200	0.582589	0.069505	0.003274	0.000373
4.416800	0.514610	0.062119	0.003671	0.000377
4.434400	0.458447	0.060988	0.004034	0.000422
4.452000	0.490321	0.064226	0.003823	0.000402
4.469600	0.510845	0.064072	0.003694	0.000381
4.487200	0.465474	0.062993	0.003987	0.000416
4.504800	0.505157	0.066899	0.003729	0.000410
4.522400	0.533790	0.067532	0.003554	0.000412
4.540000	0.512650	0.065305	0.003683	0.000383
4.557600	0.505612	0.061830	0.003726	0.000401
4.575200	0.581831	0.073107	0.003278	0.000396
4.592800	0.393078	0.063383	0.004502	0.000455
4.610400	0.462177	0.066722	0.004009	0.000451
4.628000	0.377294	0.060424	0.004624	0.000466
4.645600	0.432364	0.063253	0.004215	0.000453
4.663200	0.494730	0.068984	0.003795	0.000416
4.680800	0.557878	0.071957	0.003413	0.000428
4.698400	0.447468	0.066768	0.004109	0.000437
4.716000	0.321353	0.061767	0.005079	0.000517
4.733600	0.547060	0.076601	0.003476	0.000436
4.751200	0.611595	0.080988	0.003118	0.000431
4.768800	0.476625	0.070713	0.003913	0.000461
4.786400	0.442475	0.066587	0.004144	0.000473
4.804000	0.408927	0.067672	0.004384	0.000482
4.821600	0.327743	0.065833	0.005025	0.000540
4.839200	0.371691	0.068063	0.004667	0.000515
4.856800	0.397371	0.069808	0.004470	0.000535
4.874400	0.370050	0.070967	0.004680	0.000539
4.892000	0.321150	0.067341	0.005081	0.000585
4.909600	0.416885	0.073276	0.004326	0.000521
4.927200	0.387067	0.069863	0.004548	0.000533
4.944800	0.453101	0.078299	0.004070	0.000527
4.962400	0.429986	0.076675	0.004232	0.000529
4.980000	0.495325	0.083562	0.003791	0.000509
4.997600	0.348131	0.073757	0.004856	0.000583
5.015200	0.435019	0.081934	0.004196	0.000574
5.032800	0.216811	0.066412	0.006055	0.000666
5.050400	0.514781	0.083678	0.003669	0.000520
5.068000	0.498865	0.087953	0.003769	0.000548
5.085600	0.221473	0.069291	0.006008	0.000702
5.103200	0.408096	0.086039	0.004390	0.000604
5.120800	0.318526	0.078441	0.005104	0.000648
5.138400	0.331074	0.078468	0.004997	0.000650
5.156000	0.227417	0.073565	0.005948	0.000728
5.173600	0.326577	0.081904	0.005035	0.000676
5.191200	0.286681	0.079111	0.005384	0.000696
#Window		Free	+/-	
#0	0.000000	0.000000
#1	-0.073799	0.001655
#2	-0.119943	0.003372
#3	-0.143910	0.005134
#4	-0.151683	0.006913
#5	-0.149461	0.008672
#6	-0.143297	0.010370
#7	-0.138742	0.011972
#8	-0.140515	0.013452
#9	-0.152145	0.014806
#10	-0.175551	0.016037
#11	-0.210642	0.017152
#12	-0.255158	0.018153
#13	-0.304912	0.019039
#14	-0.354387	0.019817
#15	-0.397475	0.020495
#16	-0.428103	0.021084
#17	-0.440647	0.021597
#18	-0.430134	0.022045
#19	-0.392294	0.022440
#20	-0.323527	0.022794
#21	-0.220825	0.023117
#22	-0.081689	0.023419
#23	0.095960	0.023708
#24	0.313852	0.023992
