#Coor		Free	+/-		Prob		+/-
0.806800	inf	nan	0.000000	0.000000
0.820400	inf	nan	0.000000	0.000000
0.834000	inf	nan	0.000000	0.000000
0.847600	inf	nan	0.000000	0.000000
0.861200	inf	nan	0.000000	0.000000
0.874800	inf	nan	0.000000	0.000000
0.888400	2.818525	nan	0.000348	0.000239
0.902000	2.836833	nan	0.000337	0.000380
0.915600	3.267507	nan	0.000164	0.000335
0.929200	2.328468	nan	0.000793	0.000325
0.942800	2.346903	0.234417	0.000769	0.000387
0.956400	2.256948	0.136292	0.000894	0.000614
0.970000	1.338286	0.180953	0.004189	0.000488
0.983600	1.180731	0.101325	0.005460	0.000896
0.997200	1.076013	0.088099	0.006511	0.000940
1.010800	0.933176	0.074982	0.008278	0.001029
1.024400	0.810141	0.069922	0.010179	0.001140
1.038000	0.656386	0.055377	0.013182	0.001259
1.051600	0.607590	0.053328	0.014309	0.001317
1.065200	0.486576	0.050398	0.017537	0.001434
1.078800	0.487141	0.046396	0.017520	0.001321
1.092400	0.366166	0.041305	0.021471	0.001477
1.106000	0.316056	0.039840	0.023358	0.001574
1.119600	0.252541	0.037003	0.025990	0.001602
1.133200	0.201766	0.034081	0.028306	0.001604
1.146800	0.173856	0.032109	0.029665	0.001606
1.160400	0.134495	0.031006	0.031695	0.001644
1.174000	0.057789	0.029339	0.036057	0.001787
1.187600	0.035493	0.027844	0.037434	0.001745
1.201200	0.059285	0.027952	0.035966	0.001688
1.214800	0.059760	0.027574	0.035937	0.001663
1.228400	0.000000	0.025272	0.039735	0.001689
1.242000	0.057087	0.026171	0.036099	0.001592
1.255600	0.076383	0.025005	0.034947	0.001468
1.269200	0.050056	0.025323	0.036528	0.001552
1.282800	0.038244	0.025003	0.037261	0.001558
1.296400	0.058517	0.023446	0.036012	0.001417
1.310000	0.122837	0.024297	0.032322	0.001319
1.323600	0.139491	0.024907	0.031429	0.001310
1.337200	0.186681	0.025046	0.029033	0.001220
1.350800	0.235078	0.026562	0.026764	0.001188
1.364400	0.301467	0.026473	0.023938	0.001063
1.378000	0.301258	0.026646	0.023946	0.001069
1.391600	0.349896	0.025317	0.022066	0.000939
1.405200	0.428867	0.027408	0.019323	0.000889
1.418800	0.453346	0.027846	0.018544	0.000866
1.432400	0.560353	0.030306	0.015491	0.000785
1.446000	0.570814	0.028945	0.015221	0.000740
1.459600	0.678937	0.030921	0.012691	0.000659
1.473200	0.708916	0.030959	0.012068	0.000625
1.486800	0.840499	0.034727	0.009673	0.000564
1.500400	0.922543	0.035719	0.008427	0.000505
1.514000	0.951406	0.036384	0.008028	0.000487
1.527600	0.984832	0.035945	0.007589	0.000458
1.541200	1.088248	0.037072	0.006378	0.000396
1.554800	1.203947	0.040201	0.005251	0.000353
1.568400	1.202736	0.038466	0.005261	0.000340
1.582000	1.320476	0.040966	0.004317	0.000299
1.595600	1.425666	0.043586	0.003617	0.000260
1.609200	1.436335	0.042112	0.003553	0.000253
1.622800	1.433766	0.039360	0.003568	0.000235
1.636400	1.613252	0.045611	0.002639	0.000204
1.650000	1.617964	0.045014	0.002618	0.000195
1.663600	1.851149	0.053324	0.001769	0.000162
1.677200	1.820176	0.052646	0.001864	0.000162
1.690800	2.020509	0.058274	0.001331	0.000130
1.704400	1.999260	0.055118	0.001379	0.000127
1.718000	1.947289	0.052668	0.001505	0.000132
1.731600	2.076015	0.056479	0.001212	0.000117
1.745200	2.151747	0.057289	0.001067	0.000107
1.758800	2.224329	0.060812	0.000945	0.000092
1.772400	2.218914	0.058304	0.000953	0.000092
1.786000	2.445595	0.065106	0.000651	0.000072
1.799600	2.492382	0.064564	0.000602	0.000071
1.813200	2.429683	0.062759	0.000669	0.000066
1.826800	2.535498	0.064437	0.000560	0.000060
1.840400	2.641830	0.065692	0.000468	0.000056
1.854000	2.730597	0.072697	0.000403	0.000047
1.867600	2.648062	0.068354	0.000463	0.000049
1.881200	2.827747	0.069841	0.000343	0.000041
1.894800	2.913213	0.076986	0.000297	0.000038
1.908400	2.907850	0.076076	0.000299	0.000038
1.922000	3.022401	0.078531	0.000247	0.000032
1.935600	3.220567	0.088009	0.000177	0.000026
1.949200	3.154373	0.081999	0.000198	0.000027
1.962800	3.077062	0.076569	0.000225	0.000027
1.976400	3.234538	0.076597	0.000173	0.000023
1.990000	3.232814	0.078769	0.000173	0.000022
2.003600	3.395553	0.085606	0.000132	0.000019
2.017200	3.487255	0.088471	0.000113	0.000018
2.030800	3.475371	0.092169	0.000115	0.000016
2.044400	3.608945	0.097195	0.000092	0.000014
2.058000	3.518833	0.085030	0.000107	0.000016
2.071600	3.535583	0.087295	0.000104	0.000014
2.085200	3.634063	0.082071	0.000088	0.000013
2.098800	3.973250	0.105552	0.000050	0.000009
2.112400	3.867636	0.107214	0.000060	0.000009
2.126000	4.031582	0.106489	0.000045	0.000009
2.139600	4.111683	0.114488	0.000040	0.000007
2.153200	3.909404	0.100142	0.000056	0.000009
2.166800	4.056641	0.104646	0.000043	0.000007
2.180400	4.207138	0.116179	0.000034	0.000006
2.194000	4.333901	0.120477	0.000027	0.000006
2.207600	4.244246	0.110121	0.000032	0.000006
2.221200	4.543096	0.127558	0.000019	0.000005
2.234800	4.581064	0.139028	0.000018	0.000004
2.248400	4.589828	0.152134	0.000018	0.000004
2.262000	4.789199	0.133283	0.000013	0.000004
2.275600	4.724384	0.160341	0.000014	0.000003
2.289200	4.863833	0.144902	0.000011	0.000003
2.302800	4.739087	0.157762	0.000014	0.000003
2.316400	4.804929	0.145085	0.000012	0.000003
2.330000	5.316552	0.176751	0.000005	0.000002
2.343600	5.181813	0.189750	0.000007	0.000002
2.357200	5.217994	0.207239	0.000006	0.000002
2.370800	4.950075	0.145000	0.000010	0.000002
2.384400	5.156947	0.147827	0.000007	0.000002
2.398000	5.737536	nan	0.000003	0.000001
2.411600	5.312860	0.190432	0.000005	0.000001
2.425200	5.262775	0.182655	0.000006	0.000001
2.438800	5.750959	0.210595	0.000003	0.000001
2.452400	5.573344	0.195390	0.000003	0.000001
2.466000	5.407503	0.206916	0.000004	0.000001
2.479600	5.641733	0.201245	0.000003	0.000001
2.493200	5.738231	0.225372	0.000003	0.000001
2.506800	5.921300	nan	0.000002	0.000001
2.520400	6.046312	0.212965	0.000002	0.000001
2.534000	6.079365	nan	0.000001	0.000001
2.547600	6.112158	nan	0.000001	0.000001
2.561200	6.557024	nan	0.000001	0.000000
2.574800	5.935747	0.233407	0.000002	0.000001
2.588400	6.037808	0.240895	0.000002	0.000001
2.602000	6.481870	nan	0.000001	0.000000
2.615600	6.180419	nan	0.000001	0.000000
2.629200	6.303296	nan	0.000001	0.000000
2.642800	6.242495	0.273766	0.000001	0.000000
2.656400	6.777154	nan	0.000000	0.000000
2.670000	6.395157	nan	0.000001	0.000000
2.683600	6.425214	nan	0.000001	0.000000
2.697200	6.363286	0.253714	0.000001	0.000000
2.710800	7.138013	nan	0.000000	0.000000
2.724400	7.167211	nan	0.000000	0.000000
2.738000	6.954918	nan	0.000000	0.000000
2.751600	6.983536	nan	0.000000	0.000000
2.765200	7.665400	nan	0.000000	0.000000
2.778800	7.281092	nan	0.000000	0.000000
2.792400	inf	nan	0.000000	0.000000
2.806000	6.923926	nan	0.000000	0.000000
2.819600	6.951064	nan	0.000000	0.000000
2.833200	6.977902	nan	0.000000	0.000000
2.846800	7.175574	nan	0.000000	0.000000
2.860400	7.443009	nan	0.000000	0.000000
2.874000	7.881276	nan	0.000000	0.000000
2.887600	inf	nan	0.000000	0.000000
2.901200	7.932217	nan	0.000000	0.000000
2.914800	7.957227	nan	0.000000	0.000000
2.928400	7.569590	nan	0.000000	0.000000
2.942000	7.593981	nan	0.000000	0.000000
2.955600	8.030398	nan	0.000000	0.000000
2.969200	8.054165	nan	0.000000	0.000000
2.982800	inf	nan	0.000000	0.000000
2.996400	inf	nan	0.000000	0.000000
3.010000	inf	nan	0.000000	0.000000
3.023600	inf	nan	0.000000	0.000000
3.037200	inf	nan	0.000000	0.000000
3.050800	8.190158	nan	0.000000	0.000000
3.064400	inf	nan	0.000000	0.000000
3.078000	inf	nan	0.000000	0.000000
3.091600	inf	nan	0.000000	0.000000
3.105200	inf	nan	0.000000	0.000000
3.118800	inf	nan	0.000000	0.000000
3.132400	7.661132	nan	0.000000	0.000000
3.146000	inf	nan	0.000000	0.000000
3.159600	inf	nan	0.000000	0.000000
3.173200	inf	nan	0.000000	0.000000
3.186800	8.391214	nan	0.000000	0.000000
3.200400	inf	nan	0.000000	0.000000
3.214000	inf	nan	0.000000	0.000000
3.227600	inf	nan	0.000000	0.000000
3.241200	inf	nan	0.000000	0.000000
3.254800	inf	nan	0.000000	0.000000
3.268400	8.496212	nan	0.000000	0.000000
3.282000	inf	nan	0.000000	0.000000
3.295600	inf	nan	0.000000	0.000000
3.309200	8.544254	nan	0.000000	0.000000
3.322800	inf	nan	0.000000	0.000000
3.336400	inf	nan	0.000000	0.000000
3.350000	inf	nan	0.000000	0.000000
3.363600	8.603652	nan	0.000000	0.000000
3.377200	inf	nan	0.000000	0.000000
3.390800	inf	nan	0.000000	0.000000
3.404400	8.644687	nan	0.000000	0.000000
3.418000	inf	nan	0.000000	0.000000
3.431600	inf	nan	0.000000	0.000000
3.445200	inf	nan	0.000000	0.000000
3.458800	inf	nan	0.000000	0.000000
3.472400	inf	nan	0.000000	0.000000
3.486000	8.717665	nan	0.000000	0.000000
3.499600	inf	nan	0.000000	0.000000
3.513200	8.326945	nan	0.000000	0.000000
3.526800	inf	nan	0.000000	0.000000
3.540400	inf	nan	0.000000	0.000000
3.554000	inf	nan	0.000000	0.000000
3.567600	inf	nan	0.000000	0.000000
3.581200	8.787369	nan	0.000000	0.000000
3.594800	inf	nan	0.000000	0.000000
3.608400	inf	nan	0.000000	0.000000
3.622000	8.812120	nan	0.000000	0.000000
3.635600	8.819685	nan	0.000000	0.000000
3.649200	inf	nan	0.000000	0.000000
3.662800	inf	nan	0.000000	0.000000
3.676400	inf	nan	0.000000	0.000000
3.690000	inf	nan	0.000000	0.000000
3.703600	inf	nan	0.000000	0.000000
3.717200	8.445508	nan	0.000000	0.000000
3.730800	8.862997	nan	0.000000	0.000000
3.744400	inf	nan	0.000000	0.000000
3.758000	inf	nan	0.000000	0.000000
3.771600	inf	nan	0.000000	0.000000
3.785200	8.880145	nan	0.000000	0.000000
3.798800	inf	nan	0.000000	0.000000
3.812400	inf	nan	0.000000	0.000000
3.826000	inf	nan	0.000000	0.000000
3.839600	inf	nan	0.000000	0.000000
3.853200	inf	nan	0.000000	0.000000
3.866800	inf	nan	0.000000	0.000000
3.880400	inf	nan	0.000000	0.000000
3.894000	inf	nan	0.000000	0.000000
3.907600	inf	nan	0.000000	0.000000
3.921200	inf	nan	0.000000	0.000000
3.934800	inf	nan	0.000000	0.000000
3.948400	inf	nan	0.000000	0.000000
3.962000	8.897424	nan	0.000000	0.000000
3.975600	inf	nan	0.000000	0.000000
3.989200	inf	nan	0.000000	0.000000
4.002800	inf	nan	0.000000	0.000000
4.016400	inf	nan	0.000000	0.000000
4.030000	inf	nan	0.000000	0.000000
4.043600	inf	nan	0.000000	0.000000
4.057200	8.882224	nan	0.000000	0.000000
4.070800	inf	nan	0.000000	0.000000
4.084400	inf	nan	0.000000	0.000000
4.098000	inf	nan	0.000000	0.000000
4.111600	inf	nan	0.000000	0.000000
4.125200	inf	nan	0.000000	0.000000
4.138800	inf	nan	0.000000	0.000000
4.152400	inf	nan	0.000000	0.000000
4.166000	inf	nan	0.000000	0.000000
4.179600	inf	nan	0.000000	0.000000
4.193200	8.830559	nan	0.000000	0.000000
#Window		Free	+/-	
#0	0.000000	0.000000
#1	-0.677506	0.001971
#2	-1.330457	0.003344
#3	-1.953999	0.004387
#4	-2.544626	0.005211
#5	-3.099644	0.005876
#6	-3.616916	0.006421
#7	-4.094726	0.006875
#8	-4.531697	0.007259
#9	-4.926713	0.007588
#10	-5.278875	0.007877
#11	-5.587453	0.008135
#12	-5.851849	0.008369
#13	-6.071573	0.008586
#14	-6.246216	0.008790
#15	-6.375439	0.008986
#16	-6.458954	0.009176
#17	-6.496513	0.009365
#18	-6.487904	0.009553
#19	-6.432940	0.009743
