#Coor		Free	+/-		Prob		+/-
0.806800	inf	nan	0.000000	0.000000
0.820400	inf	nan	0.000000	0.000000
0.834000	inf	nan	0.000000	0.000000
0.847600	3.204064	nan	0.000186	0.000181
0.861200	inf	nan	0.000000	0.000168
0.874800	3.242625	nan	0.000174	0.000175
0.888400	2.608428	nan	0.000505	0.000287
0.902000	2.323952	nan	0.000815	0.000424
0.915600	2.343430	0.186105	0.000788	0.000505
0.929200	2.162838	0.261259	0.001068	0.000402
0.942800	1.620674	0.149045	0.002657	0.000594
0.956400	1.521096	0.144778	0.003141	0.000574
0.970000	1.356527	0.097795	0.004142	0.000763
0.983600	1.072739	0.092563	0.006675	0.000891
0.997200	0.965036	0.077566	0.007999	0.001031
1.010800	0.713134	0.059838	0.012217	0.001205
1.024400	0.681527	0.053828	0.012883	0.001357
1.038000	0.509442	0.050600	0.017205	0.001269
1.051600	0.404293	0.044041	0.020532	0.001544
1.065200	0.394031	0.041736	0.020889	0.001485
1.078800	0.359841	0.042606	0.022125	0.001528
1.092400	0.251310	0.034920	0.026553	0.001553
1.106000	0.221828	0.034623	0.027902	0.001631
1.119600	0.187366	0.032924	0.029566	0.001622
1.133200	0.073470	0.029719	0.035805	0.001783
1.146800	0.087919	0.029074	0.034946	0.001701
1.160400	0.060974	0.028182	0.036565	0.001733
1.174000	0.026063	0.027077	0.038775	0.001756
1.187600	0.031362	0.025976	0.038432	0.001672
1.201200	0.010802	0.024720	0.039783	0.001651
1.214800	0.010479	0.024266	0.039805	0.001619
1.228400	0.053370	0.024239	0.037036	0.001502
1.242000	0.000000	0.023519	0.040512	0.001600
1.255600	0.080125	0.023683	0.035407	0.001405
1.269200	0.094157	0.024373	0.034582	0.001422
1.282800	0.094340	0.024328	0.034571	0.001413
1.296400	0.122660	0.023827	0.032964	0.001317
1.310000	0.203870	0.024853	0.028757	0.001204
1.323600	0.224863	0.024659	0.027760	0.001149
1.337200	0.251638	0.023951	0.026538	0.001068
1.350800	0.285153	0.025752	0.025085	0.001082
1.364400	0.365871	0.027105	0.021902	0.000993
1.378000	0.454146	0.026538	0.018881	0.000842
1.391600	0.489872	0.027176	0.017781	0.000813
1.405200	0.550533	0.027861	0.016057	0.000751
1.418800	0.590149	0.027268	0.015022	0.000686
1.432400	0.667672	0.029459	0.013187	0.000654
1.446000	0.743063	0.030139	0.011617	0.000584
1.459600	0.895617	0.033850	0.008989	0.000513
1.473200	0.903304	0.032809	0.008874	0.000487
1.486800	0.964273	0.034303	0.008010	0.000462
1.500400	1.069137	0.034822	0.006715	0.000392
1.514000	1.105543	0.036332	0.006316	0.000385
1.527600	1.206222	0.037056	0.005333	0.000330
1.541200	1.347313	0.040333	0.004207	0.000289
1.554800	1.337151	0.040260	0.004279	0.000286
1.568400	1.502865	0.042412	0.003239	0.000231
1.582000	1.513476	0.044271	0.003182	0.000237
1.595600	1.636458	0.046055	0.002587	0.000199
1.609200	1.648381	0.043492	0.002536	0.000189
1.622800	1.851255	0.050541	0.001803	0.000149
1.636400	1.927065	0.053341	0.001588	0.000141
1.650000	1.953314	0.052092	0.001519	0.000132
1.663600	2.035954	0.053348	0.001322	0.000120
1.677200	2.127378	0.054959	0.001134	0.000103
1.690800	2.247594	0.059332	0.000926	0.000093
1.704400	2.307085	0.061512	0.000838	0.000086
1.718000	2.294434	0.059532	0.000856	0.000085
1.731600	2.402309	0.060979	0.000714	0.000073
1.745200	2.437483	0.062472	0.000673	0.000073
1.758800	2.525203	0.065548	0.000581	0.000060
1.772400	2.759027	0.073417	0.000392	0.000053
1.786000	2.839979	0.081254	0.000342	0.000042
1.799600	2.708356	0.067366	0.000427	0.000049
1.813200	2.813982	0.070129	0.000357	0.000042
1.826800	2.917911	0.075147	0.000300	0.000036
1.840400	3.119017	0.084898	0.000214	0.000032
1.854000	3.081861	0.080048	0.000228	0.000030
1.867600	3.339388	0.091823	0.000148	0.000025
1.881200	3.210574	0.083527	0.000184	0.000026
1.894800	3.325830	0.090168	0.000151	0.000021
1.908400	3.272760	0.084541	0.000165	0.000024
1.922000	3.464552	0.090638	0.000120	0.000017
1.935600	3.582213	0.094608	0.000098	0.000017
1.949200	3.521352	0.092376	0.000109	0.000016
1.962800	3.716888	0.103390	0.000078	0.000015
1.976400	3.724980	0.108164	0.000077	0.000012
1.990000	3.719385	0.100020	0.000078	0.000012
2.003600	3.860697	0.105757	0.000062	0.000012
2.017200	3.788102	0.093478	0.000070	0.000011
2.030800	3.860356	0.105822	0.000062	0.000010
2.044400	4.105284	0.117211	0.000041	0.000008
2.058000	4.084118	0.111312	0.000042	0.000007
2.071600	4.068805	0.107623	0.000043	0.000008
2.085200	4.763595	0.154621	0.000013	0.000005
2.098800	4.292990	0.125967	0.000030	0.000005
2.112400	4.586704	0.143980	0.000018	0.000004
2.126000	4.627509	0.140553	0.000017	0.000004
2.139600	4.927114	0.173215	0.000010	0.000003
2.153200	5.024289	0.215033	0.000009	0.000003
2.166800	4.623230	0.152651	0.000017	0.000003
2.180400	4.996256	0.152554	0.000009	0.000003
2.194000	4.828995	0.180881	0.000012	0.000002
2.207600	5.075943	0.213130	0.000008	0.000002
2.221200	5.436133	0.169637	0.000004	0.000002
2.234800	5.063148	0.217158	0.000008	0.000002
2.248400	5.365132	0.215344	0.000005	0.000002
2.262000	5.404071	nan	0.000005	0.000001
2.275600	5.683997	nan	0.000003	0.000001
2.289200	5.630802	nan	0.000003	0.000001
2.302800	6.173123	nan	0.000001	0.000001
2.316400	5.627708	0.229259	0.000003	0.000001
2.330000	5.532792	0.249208	0.000004	0.000001
2.343600	6.115466	0.275745	0.000001	0.000001
2.357200	6.323957	nan	0.000001	0.000001
2.370800	6.189937	nan	0.000001	0.000000
2.384400	5.744405	0.219736	0.000003	0.000001
2.398000	5.930530	nan	0.000002	0.000001
2.411600	6.712144	nan	0.000001	0.000000
2.425200	6.335927	nan	0.000001	0.000000
2.438800	6.130589	nan	0.000001	0.000000
2.452400	6.407396	nan	0.000001	0.000000
2.466000	6.613876	nan	0.000001	0.000000
2.479600	6.477820	nan	0.000001	0.000000
2.493200	inf	nan	0.000000	0.000000
2.506800	6.718312	nan	0.000001	0.000000
2.520400	6.993786	nan	0.000000	0.000000
2.534000	7.440122	nan	0.000000	0.000000
2.547600	7.473845	nan	0.000000	0.000000
2.561200	7.507289	nan	0.000000	0.000000
2.574800	7.540454	nan	0.000000	0.000000
2.588400	7.573336	nan	0.000000	0.000000
2.602000	6.952394	nan	0.000000	0.000000
2.615600	7.225908	nan	0.000000	0.000000
2.629200	7.257933	nan	0.000000	0.000000
2.642800	7.702005	nan	0.000000	0.000000
2.656400	7.733448	nan	0.000000	0.000000
2.670000	6.939923	nan	0.000000	0.000000
2.683600	inf	nan	0.000000	0.000000
2.697200	inf	nan	0.000000	0.000000
2.710800	inf	nan	0.000000	0.000000
2.724400	inf	nan	0.000000	0.000000
2.738000	7.091225	nan	0.000000	0.000000
2.751600	inf	nan	0.000000	0.000000
2.765200	inf	nan	0.000000	0.000000
2.778800	8.003068	nan	0.000000	0.000000
2.792400	7.619176	nan	0.000000	0.000000
2.806000	inf	nan	0.000000	0.000000
2.819600	7.675144	nan	0.000000	0.000000
2.833200	inf	nan	0.000000	0.000000
2.846800	8.142211	nan	0.000000	0.000000
2.860400	inf	nan	0.000000	0.000000
2.874000	7.783356	nan	0.000000	0.000000
2.887600	inf	nan	0.000000	0.000000
2.901200	inf	nan	0.000000	0.000000
2.914800	inf	nan	0.000000	0.000000
2.928400	inf	nan	0.000000	0.000000
2.942000	inf	nan	0.000000	0.000000
2.955600	inf	nan	0.000000	0.000000
2.969200	inf	nan	0.000000	0.000000
2.982800	inf	nan	0.000000	0.000000
2.996400	inf	nan	0.000000	0.000000
3.010000	inf	nan	0.000000	0.000000
3.023600	inf	nan	0.000000	0.000000
3.037200	inf	nan	0.000000	0.000000
3.050800	inf	nan	0.000000	0.000000
3.064400	inf	nan	0.000000	0.000000
3.078000	inf	nan	0.000000	0.000000
3.091600	inf	nan	0.000000	0.000000
3.105200	inf	nan	0.000000	0.000000
3.118800	inf	nan	0.000000	0.000000
3.132400	inf	nan	0.000000	0.000000
3.146000	inf	nan	0.000000	0.000000
3.159600	8.679972	nan	0.000000	0.000000
3.173200	inf	nan	0.000000	0.000000
3.186800	inf	nan	0.000000	0.000000
3.200400	inf	nan	0.000000	0.000000
3.214000	inf	nan	0.000000	0.000000
3.227600	8.773989	nan	0.000000	0.000000
3.241200	inf	nan	0.000000	0.000000
3.254800	8.809259	nan	0.000000	0.000000
3.268400	inf	nan	0.000000	0.000000
3.282000	inf	nan	0.000000	0.000000
3.295600	8.859647	nan	0.000000	0.000000
3.309200	inf	nan	0.000000	0.000000
3.322800	inf	nan	0.000000	0.000000
3.336400	inf	nan	0.000000	0.000000
3.350000	inf	nan	0.000000	0.000000
3.363600	inf	nan	0.000000	0.000000
3.377200	inf	nan	0.000000	0.000000
3.390800	inf	nan	0.000000	0.000000
3.404400	inf	nan	0.000000	0.000000
3.418000	inf	nan	0.000000	0.000000
3.431600	inf	nan	0.000000	0.000000
3.445200	inf	nan	0.000000	0.000000
3.458800	9.030737	nan	0.000000	0.000000
3.472400	9.042779	nan	0.000000	0.000000
3.486000	inf	nan	0.000000	0.000000
3.499600	inf	nan	0.000000	0.000000
3.513200	inf	nan	0.000000	0.000000
3.526800	9.087513	nan	0.000000	0.000000
3.540400	inf	nan	0.000000	0.000000
3.554000	inf	nan	0.000000	0.000000
3.567600	inf	nan	0.000000	0.000000
3.581200	9.126737	nan	0.000000	0.000000
3.594800	inf	nan	0.000000	0.000000
3.608400	inf	nan	0.000000	0.000000
3.622000	inf	nan	0.000000	0.000000
3.635600	inf	nan	0.000000	0.000000
3.649200	9.167986	nan	0.000000	0.000000
3.662800	9.175195	nan	0.000000	0.000000
3.676400	inf	nan	0.000000	0.000000
3.690000	inf	nan	0.000000	0.000000
3.703600	inf	nan	0.000000	0.000000
3.717200	inf	nan	0.000000	0.000000
3.730800	inf	nan	0.000000	0.000000
3.744400	inf	nan	0.000000	0.000000
3.758000	inf	nan	0.000000	0.000000
3.771600	inf	nan	0.000000	0.000000
3.785200	inf	nan	0.000000	0.000000
3.798800	9.228115	nan	0.000000	0.000000
3.812400	inf	nan	0.000000	0.000000
3.826000	inf	nan	0.000000	0.000000
3.839600	inf	nan	0.000000	0.000000
3.853200	inf	nan	0.000000	0.000000
3.866800	inf	nan	0.000000	0.000000
3.880400	inf	nan	0.000000	0.000000
3.894000	inf	nan	0.000000	0.000000
3.907600	inf	nan	0.000000	0.000000
3.921200	inf	nan	0.000000	0.000000
3.934800	inf	nan	0.000000	0.000000
3.948400	inf	nan	0.000000	0.000000
3.962000	inf	nan	0.000000	0.000000
3.975600	inf	nan	0.000000	0.000000
3.989200	9.243288	nan	0.000000	0.000000
4.002800	inf	nan	0.000000	0.000000
4.016400	inf	nan	0.000000	0.000000
4.030000	inf	nan	0.000000	0.000000
4.043600	9.234920	nan	0.000000	0.000000
4.057200	inf	nan	0.000000	0.000000
4.070800	inf	nan	0.000000	0.000000
4.084400	inf	nan	0.000000	0.000000
4.098000	inf	nan	0.000000	0.000000
4.111600	inf	nan	0.000000	0.000000
4.125200	inf	nan	0.000000	0.000000
4.138800	inf	nan	0.000000	0.000000
4.152400	inf	nan	0.000000	0.000000
4.166000	inf	nan	0.000000	0.000000
4.179600	inf	nan	0.000000	0.000000
4.193200	inf	nan	0.000000	0.000000
#Window		Free	+/-	
#0	0.000000	0.000000
#1	-0.725192	0.001586
#2	-1.417973	0.002663
#3	-2.074933	0.003490
#4	-2.693814	0.004165
#5	-3.272955	0.004731
#6	-3.811061	0.005215
#7	-4.307092	0.005634
#8	-4.760202	0.006002
#9	-5.169695	0.006331
#10	-5.534999	0.006628
#11	-5.855634	0.006899
#12	-6.131202	0.007151
#13	-6.361364	0.007388
#14	-6.545835	0.007613
#15	-6.684368	0.007830
#16	-6.776749	0.008040
#17	-6.822790	0.008247
#18	-6.822328	0.008452
#19	-6.775213	0.008657
