#Coor		Free	+/-		Prob		+/-
0.806800	inf	nan	0.000000	0.000000
0.820400	inf	nan	0.000000	0.000000
0.834000	inf	nan	0.000000	0.000000
0.847600	inf	nan	0.000000	0.000000
0.861200	inf	nan	0.000000	0.000000
0.874800	2.740380	nan	0.000367	0.000257
0.888400	inf	nan	0.000000	0.000363
0.902000	2.533771	nan	0.000519	0.000286
0.915600	2.792241	0.257033	0.000336	0.000431
0.929200	2.155966	nan	0.000980	0.000322
0.942800	2.281696	nan	0.000793	0.000372
0.956400	1.607056	0.159477	0.002466	0.000580
0.970000	1.522150	0.148743	0.002845	0.000643
0.983600	1.193347	0.104069	0.004944	0.000822
0.997200	1.160473	0.108088	0.005225	0.000793
1.010800	0.942154	0.077372	0.007541	0.001022
1.024400	0.907977	0.078439	0.007987	0.001026
1.038000	0.860017	0.071299	0.008658	0.001045
1.051600	0.676388	0.060964	0.011789	0.001265
1.065200	0.520023	0.054398	0.015333	0.001315
1.078800	0.533389	0.053148	0.014992	0.001333
1.092400	0.406817	0.046937	0.018547	0.001455
1.106000	0.359244	0.044063	0.020091	0.001467
1.119600	0.245747	0.039458	0.024315	0.001608
1.133200	0.238781	0.038345	0.024601	0.001580
1.146800	0.125048	0.035440	0.029784	0.001758
1.160400	0.126415	0.033730	0.029716	0.001690
1.174000	0.124763	0.032846	0.029798	0.001646
1.187600	0.161765	0.034902	0.028001	0.001637
1.201200	0.004864	0.028962	0.036452	0.001767
1.214800	0.078007	0.030496	0.032235	0.001653
1.228400	0.000000	0.027968	0.036752	0.001720
1.242000	0.003834	0.027816	0.036515	0.001704
1.255600	0.055784	0.028272	0.033462	0.001591
1.269200	0.085697	0.028600	0.031821	0.001525
1.282800	0.049628	0.026366	0.033810	0.001497
1.296400	0.091187	0.027653	0.031529	0.001461
1.310000	0.101113	0.027835	0.031007	0.001441
1.323600	0.100611	0.026913	0.031033	0.001404
1.337200	0.120537	0.027201	0.030011	0.001369
1.350800	0.120734	0.025752	0.030001	0.001297
1.364400	0.215658	0.027073	0.025576	0.001164
1.378000	0.231388	0.026751	0.024909	0.001116
1.391600	0.345798	0.029634	0.020551	0.001016
1.405200	0.298136	0.027109	0.022265	0.001012
1.418800	0.408321	0.030162	0.018500	0.000935
1.432400	0.419853	0.028905	0.018145	0.000879
1.446000	0.446937	0.030507	0.017338	0.000890
1.459600	0.511377	0.030362	0.015558	0.000795
1.473200	0.628166	0.033361	0.012784	0.000712
1.486800	0.538406	0.029329	0.014867	0.000731
1.500400	0.653237	0.032393	0.012257	0.000666
1.514000	0.691359	0.033666	0.011496	0.000648
1.527600	0.755762	0.033658	0.010316	0.000580
1.541200	0.840984	0.035463	0.008939	0.000530
1.554800	0.903328	0.036172	0.008050	0.000489
1.568400	1.059580	0.041082	0.006190	0.000428
1.582000	1.018014	0.037608	0.006638	0.000418
1.595600	1.045166	0.037722	0.006342	0.000400
1.609200	1.139324	0.040396	0.005414	0.000364
1.622800	1.136520	0.039266	0.005439	0.000357
1.636400	1.307216	0.041789	0.004083	0.000287
1.650000	1.290120	0.041683	0.004202	0.000292
1.663600	1.422697	0.043874	0.003362	0.000247
1.677200	1.463506	0.046841	0.003139	0.000246
1.690800	1.558664	0.048099	0.002675	0.000219
1.704400	1.560379	0.045053	0.002668	0.000205
1.718000	1.691809	0.053156	0.002139	0.000183
1.731600	1.739747	0.051362	0.001973	0.000169
1.745200	1.857742	0.054611	0.001618	0.000154
1.758800	1.781756	0.051518	0.001839	0.000153
1.772400	1.873206	0.053663	0.001577	0.000143
1.786000	1.955893	0.054973	0.001372	0.000126
1.799600	2.027140	0.055486	0.001217	0.000112
1.813200	2.146089	0.058845	0.000997	0.000101
1.826800	2.171174	0.058817	0.000955	0.000096
1.840400	2.092921	0.055088	0.001090	0.000098
1.854000	2.206017	0.055504	0.000901	0.000085
1.867600	2.324178	0.058842	0.000739	0.000074
1.881200	2.343168	0.059433	0.000716	0.000070
1.894800	2.380565	0.058857	0.000672	0.000068
1.908400	2.424090	0.063251	0.000625	0.000064
1.922000	2.376929	0.057116	0.000676	0.000062
1.935600	2.627483	0.066596	0.000444	0.000050
1.949200	2.704052	0.071388	0.000390	0.000045
1.962800	2.652365	0.062324	0.000425	0.000045
1.976400	2.748187	0.068200	0.000362	0.000041
1.990000	2.850314	0.072924	0.000305	0.000039
2.003600	2.839150	0.069043	0.000311	0.000037
2.017200	2.925821	0.072987	0.000269	0.000032
2.030800	2.930496	0.071708	0.000267	0.000031
2.044400	3.178084	0.084782	0.000176	0.000025
2.058000	3.111116	0.078184	0.000197	0.000026
2.071600	3.093783	0.075473	0.000203	0.000025
2.085200	3.089136	0.071846	0.000204	0.000024
2.098800	3.284336	0.083758	0.000147	0.000021
2.112400	3.280713	0.077250	0.000148	0.000019
2.126000	3.450792	0.085969	0.000111	0.000016
2.139600	3.627008	0.098839	0.000083	0.000014
2.153200	3.664152	0.102811	0.000078	0.000012
2.166800	3.562217	0.087759	0.000092	0.000013
2.180400	3.707598	0.096413	0.000072	0.000011
2.194000	3.674332	0.092281	0.000076	0.000011
2.207600	3.672611	0.084702	0.000077	0.000011
2.221200	3.897041	0.106981	0.000053	0.000009
2.234800	3.797303	0.088364	0.000062	0.000009
2.248400	4.146510	0.123447	0.000035	0.000007
2.262000	4.023018	0.106853	0.000042	0.000007
2.275600	4.196083	0.117421	0.000032	0.000006
2.289200	4.189340	0.114115	0.000032	0.000006
2.302800	4.267445	0.112964	0.000028	0.000006
2.316400	4.424692	0.133697	0.000022	0.000004
2.330000	4.687763	0.166607	0.000014	0.000004
2.343600	4.351519	0.115823	0.000024	0.000005
2.357200	4.649216	0.133472	0.000015	0.000004
2.370800	4.833382	0.158369	0.000011	0.000003
2.384400	4.572528	0.131483	0.000017	0.000003
2.398000	4.993808	0.146748	0.000008	0.000003
2.411600	4.856725	0.210719	0.000010	0.000002
2.425200	5.113461	0.181782	0.000007	0.000002
2.438800	4.888124	0.166369	0.000010	0.000002
2.452400	4.995984	0.136890	0.000008	0.000002
2.466000	5.029163	0.200987	0.000008	0.000002
2.479600	5.246619	0.152361	0.000005	0.000002
2.493200	5.548217	nan	0.000003	0.000001
2.506800	5.127325	0.188319	0.000007	0.000001
2.520400	5.400777	0.211508	0.000004	0.000001
2.534000	5.376090	0.208470	0.000004	0.000001
2.547600	5.407857	0.161530	0.000004	0.000001
2.561200	5.496075	nan	0.000004	0.000001
2.574800	5.831226	nan	0.000002	0.000001
2.588400	5.621045	0.229376	0.000003	0.000001
2.602000	6.001471	nan	0.000002	0.000001
2.615600	6.031981	nan	0.000001	0.000001
2.629200	5.953772	nan	0.000002	0.000001
2.642800	6.224962	nan	0.000001	0.000001
2.656400	5.921783	nan	0.000002	0.000001
2.670000	6.284143	nan	0.000001	0.000001
2.683600	6.072130	nan	0.000001	0.000000
2.697200	6.101049	nan	0.000001	0.000001
2.710800	6.238153	0.229612	0.000001	0.000001
2.724400	6.570402	nan	0.000001	0.000000
2.738000	6.094458	nan	0.000001	0.000000
2.751600	6.455175	nan	0.000001	0.000000
2.765200	6.482710	nan	0.000001	0.000000
2.778800	6.509962	nan	0.000001	0.000000
2.792400	6.295728	nan	0.000001	0.000000
2.806000	6.975949	nan	0.000000	0.000000
2.819600	6.457263	nan	0.000001	0.000000
2.833200	7.028449	nan	0.000000	0.000000
2.846800	6.641926	nan	0.000001	0.000000
2.860400	6.534706	nan	0.000001	0.000000
2.874000	6.451476	nan	0.000001	0.000000
2.887600	6.888746	nan	0.000000	0.000000
2.901200	7.566922	nan	0.000000	0.000000
2.914800	6.633844	nan	0.000001	0.000000
2.928400	6.790626	nan	0.000000	0.000000
2.942000	7.639040	nan	0.000000	0.000000
2.955600	7.662476	nan	0.000000	0.000000
2.969200	7.685610	nan	0.000000	0.000000
2.982800	7.708439	nan	0.000000	0.000000
2.996400	inf	nan	0.000000	0.000000
3.010000	7.099641	nan	0.000000	0.000000
3.023600	7.775089	nan	0.000000	0.000000
3.037200	inf	nan	0.000000	0.000000
3.050800	inf	nan	0.000000	0.000000
3.064400	inf	nan	0.000000	0.000000
3.078000	7.447289	nan	0.000000	0.000000
3.091600	inf	nan	0.000000	0.000000
3.105200	inf	nan	0.000000	0.000000
3.118800	7.507407	nan	0.000000	0.000000
3.132400	7.939153	nan	0.000000	0.000000
3.146000	7.958245	nan	0.000000	0.000000
3.159600	7.977020	nan	0.000000	0.000000
3.173200	7.995475	nan	0.000000	0.000000
3.186800	8.013612	nan	0.000000	0.000000
3.200400	7.619090	nan	0.000000	0.000000
3.214000	7.636585	nan	0.000000	0.000000
3.227600	7.241421	nan	0.000000	0.000000
3.241200	8.082946	nan	0.000000	0.000000
3.254800	inf	nan	0.000000	0.000000
3.268400	8.115675	nan	0.000000	0.000000
3.282000	8.131553	nan	0.000000	0.000000
3.295600	7.734768	nan	0.000000	0.000000
3.309200	8.162331	nan	0.000000	0.000000
3.322800	inf	nan	0.000000	0.000000
3.336400	8.191801	nan	0.000000	0.000000
3.350000	8.206045	nan	0.000000	0.000000
3.363600	inf	nan	0.000000	0.000000
3.377200	8.233543	nan	0.000000	0.000000
3.390800	7.834460	nan	0.000000	0.000000
3.404400	7.847384	nan	0.000000	0.000000
3.418000	7.618774	nan	0.000000	0.000000
3.431600	7.872237	nan	0.000000	0.000000
3.445200	8.296502	nan	0.000000	0.000000
3.458800	8.308097	nan	0.000000	0.000000
3.472400	inf	nan	0.000000	0.000000
3.486000	inf	nan	0.000000	0.000000
3.499600	8.340878	nan	0.000000	0.000000
3.513200	7.938798	nan	0.000000	0.000000
3.526800	8.361057	nan	0.000000	0.000000
3.540400	7.958305	nan	0.000000	0.000000
3.554000	inf	nan	0.000000	0.000000
3.567600	7.735264	nan	0.000000	0.000000
3.581200	inf	nan	0.000000	0.000000
3.594800	inf	nan	0.000000	0.000000
3.608400	8.001175	nan	0.000000	0.000000
3.622000	7.767532	nan	0.000000	0.000000
3.635600	7.774752	nan	0.000000	0.000000
3.649200	7.781632	nan	0.000000	0.000000
3.662800	8.441711	nan	0.000000	0.000000
3.676400	8.035573	nan	0.000000	0.000000
3.690000	8.453769	nan	0.000000	0.000000
3.703600	inf	nan	0.000000	0.000000
3.717200	7.810922	nan	0.000000	0.000000
3.730800	7.511877	nan	0.000000	0.000000
3.744400	8.061448	nan	0.000000	0.000000
3.758000	8.477933	nan	0.000000	0.000000
3.771600	inf	nan	0.000000	0.000000
3.785200	8.072862	nan	0.000000	0.000000
3.798800	8.075979	nan	0.000000	0.000000
3.812400	8.078752	nan	0.000000	0.000000
3.826000	inf	nan	0.000000	0.000000
3.839600	8.083264	nan	0.000000	0.000000
3.853200	7.539923	nan	0.000000	0.000000
3.866800	inf	nan	0.000000	0.000000
3.880400	8.087443	nan	0.000000	0.000000
3.894000	7.543064	nan	0.000000	0.000000
3.907600	8.500836	nan	0.000000	0.000000
3.921200	8.088506	nan	0.000000	0.000000
3.934800	inf	nan	0.000000	0.000000
3.948400	7.675143	nan	0.000000	0.000000
3.962000	7.845245	nan	0.000000	0.000000
3.975600	8.085064	nan	0.000000	0.000000
3.989200	8.083334	nan	0.000000	0.000000
4.002800	8.081256	nan	0.000000	0.000000
4.016400	7.837627	nan	0.000000	0.000000
4.030000	8.488390	nan	0.000000	0.000000
4.043600	inf	nan	0.000000	0.000000
4.057200	8.069452	nan	0.000000	0.000000
4.070800	7.824426	nan	0.000000	0.000000
4.084400	7.649116	nan	0.000000	0.000000
4.098000	8.469267	nan	0.000000	0.000000
4.111600	7.810852	nan	0.000000	0.000000
4.125200	inf	nan	0.000000	0.000000
4.138800	8.041252	nan	0.000000	0.000000
4.152400	8.447662	nan	0.000000	0.000000
4.166000	8.029046	nan	0.000000	0.000000
4.179600	8.434753	nan	0.000000	0.000000
4.193200	8.427771	nan	0.000000	0.000000
#Window		Free	+/-	
#0	0.000000	0.000000
#1	-0.616744	0.003242
#2	-1.226422	0.004977
#3	-1.814929	0.006079
#4	-2.375056	0.006891
#5	-2.902744	0.007542
#6	-3.395339	0.008082
#7	-3.850867	0.008540
#8	-4.267754	0.008933
#9	-4.644697	0.009274
#10	-4.980607	0.009576
#11	-5.274570	0.009845
#12	-5.525816	0.010090
#13	-5.733695	0.010317
#14	-5.897658	0.010529
#15	-6.017238	0.010732
#16	-6.092036	0.010928
#17	-6.121708	0.011120
#18	-6.105956	0.011311
#19	-6.044519	0.011502
