#Coor		Free	+/-		Prob		+/-
0.808800	inf	nan	0.000000	0.000000
0.826400	inf	nan	0.000000	0.000000
0.844000	inf	nan	0.000000	0.000000
0.861600	3.181330	nan	0.000202	0.000196
0.879200	3.202059	nan	0.000195	0.000265
0.896800	inf	nan	0.000000	0.000261
0.914400	2.589576	nan	0.000546	0.000308
0.932000	2.105904	0.248285	0.001231	0.000450
0.949600	1.914010	0.175143	0.001700	0.000615
0.967200	1.734074	0.137407	0.002300	0.000713
0.984800	1.341922	0.119021	0.004446	0.000765
1.002400	1.282657	0.108726	0.004912	0.000876
1.020000	0.863247	0.078496	0.009941	0.001116
1.037600	0.785449	0.066965	0.011330	0.001293
1.055200	0.776335	0.064732	0.011505	0.001257
1.072800	0.577385	0.056760	0.016074	0.001487
1.090400	0.445598	0.046327	0.020061	0.001564
1.108000	0.443603	0.046727	0.020128	0.001575
1.125600	0.428520	0.043797	0.020645	0.001549
1.143200	0.242890	0.037623	0.028206	0.001732
1.160800	0.244718	0.036348	0.028119	0.001722
1.178400	0.104604	0.032093	0.035587	0.001919
1.196000	0.094527	0.031125	0.036195	0.001883
1.213600	0.075039	0.030245	0.037401	0.001909
1.231200	0.111997	0.031110	0.035148	0.001829
1.248800	0.000000	0.027929	0.042429	0.001987
1.266400	0.048541	0.027779	0.039104	0.001849
1.284000	0.009806	0.026219	0.041735	0.001804
1.301600	0.033788	0.026628	0.040086	0.001797
1.319200	0.077014	0.026877	0.037277	0.001684
1.336800	0.133292	0.027129	0.033912	0.001556
1.354400	0.083379	0.025913	0.036880	0.001586
1.372000	0.111783	0.025197	0.035160	0.001487
1.389600	0.137210	0.026343	0.033689	0.001490
1.407200	0.192257	0.027083	0.030712	0.001397
1.424800	0.212682	0.026172	0.029675	0.001302
1.442400	0.313952	0.029123	0.025030	0.001221
1.460000	0.410342	0.029724	0.021286	0.001061
1.477600	0.381133	0.028850	0.022357	0.001081
1.495200	0.440279	0.028921	0.020241	0.000978
1.512800	0.503107	0.029478	0.018212	0.000902
1.530400	0.586759	0.030918	0.015823	0.000828
1.548000	0.609105	0.031338	0.015240	0.000795
1.565600	0.653992	0.032414	0.014132	0.000769
1.583200	0.682700	0.031718	0.013466	0.000715
1.600800	0.777404	0.032977	0.011485	0.000634
1.618400	0.827634	0.033224	0.010555	0.000586
1.636000	0.911186	0.035538	0.009172	0.000549
1.653600	0.975183	0.035322	0.008236	0.000487
1.671200	1.073949	0.038133	0.006976	0.000449
1.688800	1.156630	0.041143	0.006071	0.000418
1.706400	1.152298	0.038811	0.006115	0.000397
1.724000	1.215833	0.039505	0.005496	0.000363
1.741600	1.319040	0.041053	0.004620	0.000316
1.759200	1.446494	0.044433	0.003729	0.000279
1.776800	1.486958	0.043844	0.003484	0.000257
1.794400	1.537749	0.043525	0.003199	0.000236
1.812000	1.585825	0.047168	0.002951	0.000230
1.829600	1.672814	0.045885	0.002549	0.000195
1.847200	1.628062	0.044536	0.002748	0.000204
1.864800	1.838782	0.049578	0.001929	0.000163
1.882400	1.826650	0.044366	0.001968	0.000152
1.900000	1.877635	0.050118	0.001807	0.000148
1.917600	2.011794	0.052368	0.001442	0.000129
1.935200	2.060272	0.052297	0.001329	0.000113
1.952800	2.180814	0.056225	0.001085	0.000109
1.970400	2.210292	0.057152	0.001033	0.000091
1.988000	2.207437	0.051578	0.001038	0.000091
2.005600	2.275729	0.053686	0.000925	0.000082
2.023200	2.302127	0.053322	0.000885	0.000078
2.040800	2.542067	0.062424	0.000591	0.000062
2.058400	2.435858	0.054472	0.000707	0.000066
2.076000	2.476451	0.054077	0.000660	0.000058
2.093600	2.507502	0.053981	0.000627	0.000060
2.111200	2.705441	0.060723	0.000449	0.000041
2.128800	2.852251	0.065681	0.000351	0.000042
2.146400	2.772670	0.061084	0.000401	0.000039
2.164000	2.936510	0.063619	0.000305	0.000033
2.181600	2.947082	0.063284	0.000299	0.000032
2.199200	3.020843	0.068254	0.000264	0.000029
2.216800	3.059445	0.065983	0.000248	0.000027
2.234400	3.285773	0.073392	0.000169	0.000024
2.252000	3.172361	0.072493	0.000205	0.000022
2.269600	3.175378	0.062098	0.000204	0.000022
2.287200	3.376201	0.071551	0.000145	0.000017
2.304800	3.467662	0.081486	0.000125	0.000016
2.322400	3.466728	0.077341	0.000125	0.000015
2.340000	3.607956	0.080989	0.000099	0.000014
2.357600	3.622369	0.078656	0.000096	0.000012
2.375200	3.542382	0.071371	0.000110	0.000013
2.392800	3.832222	0.086612	0.000068	0.000010
2.410400	4.027888	0.096976	0.000049	0.000008
2.428000	4.174360	0.103475	0.000038	0.000007
2.445600	4.028965	0.091935	0.000049	0.000007
2.463200	3.984981	0.088014	0.000052	0.000007
2.480800	4.077197	0.089518	0.000045	0.000007
2.498400	4.120603	0.088183	0.000042	0.000006
2.516000	4.245024	0.097081	0.000034	0.000005
2.533600	4.493955	0.117429	0.000022	0.000004
2.551200	4.557523	0.110871	0.000020	0.000004
2.568800	4.691665	0.118447	0.000016	0.000004
2.586400	4.759166	0.152672	0.000014	0.000003
2.604000	4.801084	0.129526	0.000013	0.000003
2.621600	4.704837	0.099866	0.000016	0.000003
2.639200	4.726039	0.126183	0.000015	0.000002
2.656800	4.675424	0.091436	0.000016	0.000003
2.674400	4.916381	0.132765	0.000011	0.000002
2.692000	5.060604	0.124178	0.000009	0.000002
2.709600	5.192509	0.132734	0.000007	0.000002
2.727200	5.061275	0.164884	0.000009	0.000001
2.744800	5.030801	0.117993	0.000009	0.000002
2.762400	5.248606	0.124167	0.000006	0.000001
2.780000	5.543831	0.175964	0.000004	0.000001
2.797600	5.497345	0.170619	0.000004	0.000001
2.815200	5.720165	0.172828	0.000003	0.000001
2.832800	5.535256	0.160594	0.000004	0.000001
2.850400	5.744046	0.175207	0.000003	0.000001
2.868000	5.781364	0.207934	0.000003	0.000001
2.885600	5.818343	0.176107	0.000002	0.000001
2.903200	5.683843	0.174097	0.000003	0.000001
2.920800	6.544808	nan	0.000001	0.000001
2.938400	5.978971	0.194585	0.000002	0.000001
2.956000	6.071258	0.187579	0.000002	0.000001
2.973600	5.998034	0.207679	0.000002	0.000000
2.991200	6.204047	0.213976	0.000001	0.000000
3.008800	6.238566	0.233207	0.000001	0.000000
3.026400	6.342788	0.256159	0.000001	0.000000
3.044000	6.306514	nan	0.000001	0.000000
3.061600	6.689600	nan	0.000001	0.000000
3.079200	6.253621	0.219208	0.000001	0.000000
3.096800	6.343005	0.213411	0.000001	0.000000
3.114400	6.375318	0.166114	0.000001	0.000000
3.132000	6.350558	nan	0.000001	0.000000
3.149600	6.501494	0.186172	0.000001	0.000000
3.167200	6.361542	0.194977	0.000001	0.000000
3.184800	6.712983	0.234830	0.000001	0.000000
3.202400	6.663970	nan	0.000001	0.000000
3.220000	6.452807	0.183399	0.000001	0.000000
3.237600	6.803098	nan	0.000000	0.000000
3.255200	6.832366	0.234389	0.000000	0.000000
3.272800	6.592371	0.218724	0.000001	0.000000
3.290400	6.889739	0.195464	0.000000	0.000000
3.308000	6.768340	0.234127	0.000000	0.000000
3.325600	6.796051	0.198788	0.000000	0.000000
3.343200	6.760694	nan	0.000000	0.000000
3.360800	6.508025	0.167006	0.000001	0.000000
3.378400	6.613990	0.168392	0.000001	0.000000
3.396000	6.840285	0.204752	0.000000	0.000000
3.413600	6.624822	0.141202	0.000001	0.000000
3.431200	6.479028	0.150022	0.000001	0.000000
3.448800	6.716149	0.157708	0.000001	0.000000
3.466400	6.940852	0.226766	0.000000	0.000000
3.484000	6.764836	0.143204	0.000000	0.000000
3.501600	6.519703	0.167308	0.000001	0.000000
3.519200	6.770878	0.161982	0.000000	0.000000
3.536800	6.401647	0.109407	0.000001	0.000000
3.554400	6.588519	0.136524	0.000001	0.000000
3.572000	6.838484	0.140629	0.000000	0.000000
3.589600	6.510551	0.131144	0.000001	0.000000
3.607200	6.740911	0.138104	0.000001	0.000000
3.624800	6.674617	0.125295	0.000001	0.000000
3.642400	6.491117	0.114606	0.000001	0.000000
3.660000	6.688787	0.135842	0.000001	0.000000
3.677600	6.635549	0.119879	0.000001	0.000000
3.695200	6.727770	0.121097	0.000001	0.000000
3.712800	6.673716	0.129367	0.000001	0.000000
3.730400	6.739801	0.125332	0.000001	0.000000
3.748000	6.500360	0.102709	0.000001	0.000000
3.765600	6.642768	0.112617	0.000001	0.000000
3.783200	6.603310	0.100555	0.000001	0.000000
3.800800	6.739513	0.120652	0.000001	0.000000
3.818400	6.568496	0.099416	0.000001	0.000000
3.836000	6.568636	0.098124	0.000001	0.000000
3.853600	6.833310	0.122607	0.000000	0.000000
3.871200	6.599408	0.103410	0.000001	0.000000
3.888800	6.716405	0.115344	0.000001	0.000000
3.906400	6.568990	0.095101	0.000001	0.000000
3.924000	6.744695	0.107989	0.000001	0.000000
3.941600	6.625476	0.099673	0.000001	0.000000
3.959200	6.609560	0.092851	0.000001	0.000000
3.976800	6.697655	0.101464	0.000001	0.000000
3.994400	6.648866	0.094136	0.000001	0.000000
4.012000	6.789853	0.109480	0.000000	0.000000
4.029600	6.542336	0.084938	0.000001	0.000000
4.047200	6.812323	0.111746	0.000000	0.000000
4.064800	6.665472	0.099156	0.000001	0.000000
4.082400	6.597960	0.090762	0.000001	0.000000
4.100000	6.528297	0.082194	0.000001	0.000000
4.117600	6.681111	0.097020	0.000001	0.000000
4.135200	6.602219	0.083563	0.000001	0.000000
4.152800	6.504220	0.082003	0.000001	0.000000
4.170400	6.542312	0.081322	0.000001	0.000000
4.188000	6.603612	0.085083	0.000001	0.000000
4.205600	6.721570	0.096235	0.000001	0.000000
4.223200	6.617689	0.083650	0.000001	0.000000
4.240800	6.580810	0.083625	0.000001	0.000000
4.258400	6.641405	0.085302	0.000001	0.000000
4.276000	6.746339	0.088416	0.000001	0.000000
4.293600	6.566967	0.083368	0.000001	0.000000
4.311200	6.524059	0.077602	0.000001	0.000000
4.328800	6.606470	0.081987	0.000001	0.000000
4.346400	6.560306	0.081426	0.000001	0.000000
4.364000	6.679919	0.086302	0.000001	0.000000
4.381600	6.648918	0.084941	0.000001	0.000000
4.399200	6.608981	0.081669	0.000001	0.000000
4.416800	6.621470	0.079972	0.000001	0.000000
4.434400	6.612838	0.082350	0.000001	0.000000
4.452000	6.667750	0.084350	0.000001	0.000000
4.469600	6.584973	0.079060	0.000001	0.000000
4.487200	6.657902	0.082572	0.000001	0.000000
4.504800	6.595213	0.082461	0.000001	0.000000
4.522400	6.703225	0.090315	0.000001	0.000000
4.540000	6.584052	0.078992	0.000001	0.000000
4.557600	6.602567	0.082435	0.000001	0.000000
4.575200	6.687496	0.085736	0.000001	0.000000
4.592800	6.569122	0.078513	0.000001	0.000000
4.610400	6.671128	0.084182	0.000001	0.000000
4.628000	6.544543	0.078957	0.000001	0.000000
4.645600	6.653226	0.085850	0.000001	0.000000
4.663200	6.733544	0.091411	0.000001	0.000000
4.680800	6.601609	0.085579	0.000001	0.000000
4.698400	6.686743	0.087661	0.000001	0.000000
4.716000	6.602034	0.084212	0.000001	0.000000
4.733600	6.700540	0.090812	0.000001	0.000000
4.751200	6.611786	0.084039	0.000001	0.000000
4.768800	6.504106	0.080137	0.000001	0.000000
4.786400	6.545438	0.082393	0.000001	0.000000
4.804000	6.444791	0.075449	0.000001	0.000000
4.821600	6.571736	0.083354	0.000001	0.000000
4.839200	6.531733	0.081090	0.000001	0.000000
4.856800	6.543748	0.087825	0.000001	0.000000
4.874400	6.384932	0.073867	0.000001	0.000000
4.892000	6.483623	0.082595	0.000001	0.000000
4.909600	6.435006	0.076069	0.000001	0.000000
4.927200	6.689230	0.098146	0.000001	0.000000
4.944800	6.678091	0.093291	0.000001	0.000000
4.962400	6.449978	0.083374	0.000001	0.000000
4.980000	6.536379	0.089774	0.000001	0.000000
4.997600	6.599903	0.095982	0.000001	0.000000
5.015200	6.392582	0.081422	0.000001	0.000000
5.032800	6.509444	0.090618	0.000001	0.000000
5.050400	6.520320	0.087988	0.000001	0.000000
5.068000	6.457351	0.090449	0.000001	0.000000
5.085600	6.558001	0.093066	0.000001	0.000000
5.103200	6.557018	0.094466	0.000001	0.000000
5.120800	6.399843	0.085913	0.000001	0.000000
5.138400	6.482959	0.086951	0.000001	0.000000
5.156000	6.402197	0.100726	0.000001	0.000000
5.173600	6.409778	0.090187	0.000001	0.000000
5.191200	6.567462	0.103730	0.000001	0.000000
#Window		Free	+/-	
#0	0.000000	0.000000
#1	-0.081874	0.001866
#2	-0.142247	0.003884
#3	-0.196168	0.006167
#4	-0.274938	0.008964
#5	-0.436192	0.012513
#6	-0.740353	0.016236
#7	-1.184048	0.018869
#8	-1.703286	0.020235
#9	-2.240563	0.020928
#10	-2.765737	0.021363
#11	-3.265147	0.021703
#12	-3.732083	0.022002
#13	-4.162576	0.022274
#14	-4.553843	0.022524
#15	-4.903724	0.022753
#16	-5.210468	0.022964
#17	-5.472632	0.023159
#18	-5.689019	0.023340
#19	-5.858632	0.023510
#20	-5.980636	0.023670
#21	-6.054331	0.023823
#22	-6.079124	0.023971
#23	-6.054508	0.024116
#24	-5.980050	0.024259
