CoM_Separation_Distance(nm) Free_Energy(kcal/mol)
8.324000000000000288e-01 3.464081000000000188e+00
8.756000000000000449e-01 3.118088999999999889e+00
8.971999999999999975e-01 1.953111999999999959e+00
9.187999999999999501e-01 1.574834999999999985e+00
9.404000000000000137e-01 1.293735999999999997e+00
9.619999999999999662e-01 8.993020000000000458e-01
9.836000000000000298e-01 6.698680000000000190e-01
1.005200000000000093e+00 4.950160000000000116e-01
1.026799999999999935e+00 3.119790000000000063e-01
1.048399999999999999e+00 2.475479999999999903e-01
1.070000000000000062e+00 1.207509999999999972e-01
1.091599999999999904e+00 6.578000000000000513e-02
1.113199999999999967e+00 7.630499999999999783e-02
1.134800000000000031e+00 2.875399999999999831e-02
1.156400000000000095e+00 1.967299999999999952e-02
1.177999999999999936e+00 0.000000000000000000e+00
1.199600000000000000e+00 2.458600000000000022e-02
1.221200000000000063e+00 5.476600000000000218e-02
1.242799999999999905e+00 8.232100000000000528e-02
1.264399999999999968e+00 1.337230000000000085e-01
1.286000000000000032e+00 2.264639999999999986e-01
1.307600000000000096e+00 3.116550000000000153e-01
1.329199999999999937e+00 4.108479999999999910e-01
1.350800000000000001e+00 5.106110000000000371e-01
1.372400000000000064e+00 6.408160000000000522e-01
1.393999999999999906e+00 7.445629999999999749e-01
1.415599999999999969e+00 8.349680000000000435e-01
1.437200000000000033e+00 1.058235999999999954e+00
1.458800000000000097e+00 1.113091000000000053e+00
1.480399999999999938e+00 1.276585000000000081e+00
1.502000000000000002e+00 1.411837999999999926e+00
1.523600000000000065e+00 1.563555000000000028e+00
1.545199999999999907e+00 1.687815000000000065e+00
1.566799999999999971e+00 1.868972000000000078e+00
1.588400000000000034e+00 2.009545999999999832e+00
1.610000000000000098e+00 2.147800000000000153e+00
1.631599999999999939e+00 2.244899999999999896e+00
1.653200000000000003e+00 2.381307000000000063e+00
1.674800000000000066e+00 2.532804000000000055e+00
1.696399999999999908e+00 2.718383999999999912e+00
1.717999999999999972e+00 2.856644000000000183e+00
1.739600000000000035e+00 2.974561000000000011e+00
1.761200000000000099e+00 3.004824999999999857e+00
1.782799999999999940e+00 3.212307000000000023e+00
1.804400000000000004e+00 3.341568999999999789e+00
1.826000000000000068e+00 3.413874999999999993e+00
1.847599999999999909e+00 3.496491999999999933e+00
1.869199999999999973e+00 3.539476000000000067e+00
1.890800000000000036e+00 3.730354999999999865e+00
1.912400000000000100e+00 3.760574999999999779e+00
1.933999999999999941e+00 4.009708999999999968e+00
1.955600000000000005e+00 4.108858999999999817e+00
1.977200000000000069e+00 4.102717000000000169e+00
1.998799999999999910e+00 4.195967999999999698e+00
2.020399999999999974e+00 4.413103999999999694e+00
2.041999999999999815e+00 4.572428999999999633e+00
2.063600000000000101e+00 4.593088999999999977e+00
2.085199999999999942e+00 4.692232999999999876e+00
2.106799999999999784e+00 4.949880000000000280e+00
2.128400000000000070e+00 4.950714999999999755e+00
2.149999999999999911e+00 5.035975999999999786e+00
2.171600000000000197e+00 5.179140000000000299e+00
2.193200000000000038e+00 5.426963999999999899e+00
2.214799999999999880e+00 5.508567000000000213e+00
2.236400000000000166e+00 5.619498000000000104e+00
2.258000000000000007e+00 5.898418999999999635e+00
2.279599999999999849e+00 6.017113000000000156e+00
2.301200000000000134e+00 6.121762000000000370e+00
2.322799999999999976e+00 6.273982000000000170e+00
2.344399999999999817e+00 6.243713999999999764e+00
2.366000000000000103e+00 6.468501999999999974e+00
2.387599999999999945e+00 6.733515999999999835e+00
2.409199999999999786e+00 6.777135000000000353e+00
2.430800000000000072e+00 6.843466000000000271e+00
2.452399999999999913e+00 6.995121000000000144e+00
2.474000000000000199e+00 7.300043999999999755e+00
2.495600000000000041e+00 7.266305000000000014e+00
2.517199999999999882e+00 7.438603999999999772e+00
2.538800000000000168e+00 7.463595999999999897e+00
2.560400000000000009e+00 7.673258999999999830e+00
2.581999999999999851e+00 7.630937000000000303e+00
2.603600000000000136e+00 7.999014999999999986e+00
2.625199999999999978e+00 7.741805000000000270e+00
2.646799999999999820e+00 8.077667999999999182e+00
2.668400000000000105e+00 8.343142999999999532e+00
2.689999999999999947e+00 8.692365999999999815e+00
2.711599999999999788e+00 8.451446000000000680e+00
2.733200000000000074e+00 8.701658999999999367e+00
2.754799999999999915e+00 8.850158000000000413e+00
2.776400000000000201e+00 9.340275000000000105e+00
2.798000000000000043e+00 8.815616999999999592e+00
2.819599999999999884e+00 9.081514000000000308e+00
2.841200000000000170e+00 9.436892000000000280e+00
2.862800000000000011e+00 9.403539999999999566e+00
2.884399999999999853e+00 9.586423999999999168e+00
2.906000000000000139e+00 9.551700999999999553e+00
2.927599999999999980e+00 9.533042999999999267e+00
2.949199999999999822e+00 9.938290999999999542e+00
2.970800000000000107e+00 1.083460799999999935e+01
2.992399999999999949e+00 1.090554200000000051e+01
3.035600000000000076e+00 1.063293200000000027e+01
3.057199999999999918e+00 1.046051499999999912e+01
3.078800000000000203e+00 1.076977699999999949e+01
3.100400000000000045e+00 1.124944699999999997e+01
3.121999999999999886e+00 1.131604600000000005e+01
3.143600000000000172e+00 1.072836999999999996e+01
3.165200000000000014e+00 1.048961500000000058e+01
3.186799999999999855e+00 1.109907600000000016e+01
3.208400000000000141e+00 1.157504800000000067e+01
3.229999999999999982e+00 1.163793300000000031e+01
3.251599999999999824e+00 1.128772700000000029e+01
3.294799999999999951e+00 1.140972099999999934e+01
3.316399999999999793e+00 1.146957699999999925e+01
3.338000000000000078e+00 1.152866799999999969e+01
3.359599999999999920e+00 1.199933000000000050e+01
3.381200000000000205e+00 1.140334499999999984e+01
3.402800000000000047e+00 1.211366699999999952e+01
3.424399999999999888e+00 1.216967400000000055e+01
3.489199999999999857e+00 1.192068599999999989e+01
3.532399999999999984e+00 1.202566799999999958e+01
3.553999999999999826e+00 1.207697699999999941e+01
3.575600000000000112e+00 1.171515800000000063e+01
3.597199999999999953e+00 1.176488299999999931e+01
3.618799999999999795e+00 1.222615200000000080e+01
3.640400000000000080e+00 1.203308400000000056e+01
3.661999999999999922e+00 1.273395900000000047e+01
3.683600000000000207e+00 1.182307600000000036e+01
3.705200000000000049e+00 1.282622600000000013e+01
3.726799999999999891e+00 1.245881699999999981e+01
3.748400000000000176e+00 1.209060200000000052e+01
3.770000000000000018e+00 1.230505199999999988e+01
3.791599999999999859e+00 1.184351900000000057e+01
3.813200000000000145e+00 1.197691400000000073e+01
3.834799999999999986e+00 1.212625500000000045e+01
3.856399999999999828e+00 1.205786299999999933e+01
3.878000000000000114e+00 1.220557400000000037e+01
3.899599999999999955e+00 1.224400799999999911e+01
3.921199999999999797e+00 1.217316499999999913e+01
3.942800000000000082e+00 1.220996000000000059e+01
3.964399999999999924e+00 1.265827099999999916e+01
3.986000000000000210e+00 1.210994900000000030e+01
4.007600000000000051e+00 1.255661199999999944e+01
4.029200000000000337e+00 1.225720899999999958e+01
4.050799999999999734e+00 1.214038000000000039e+01
4.072400000000000020e+00 1.241342599999999941e+01
4.094000000000000306e+00 1.268564199999999964e+01
4.115599999999999703e+00 1.247462299999999935e+01
4.137199999999999989e+00 1.220009499999999925e+01
4.158800000000000274e+00 1.244078900000000054e+01
4.180399999999999672e+00 1.197669899999999998e+01
4.201999999999999957e+00 1.212706499999999998e+01
4.223600000000000243e+00 1.230914699999999939e+01
4.245199999999999640e+00 1.217824300000000015e+01
4.266799999999999926e+00 1.225018799999999963e+01
4.288400000000000212e+00 1.210254199999999969e+01
4.309999999999999609e+00 1.270866299999999960e+01
4.331599999999999895e+00 1.227051400000000037e+01
4.353200000000000180e+00 1.216795499999999919e+01
4.374799999999999578e+00 1.194686800000000027e+01
4.396399999999999864e+00 1.243023600000000073e+01
4.418000000000000149e+00 1.198455900000000085e+01
4.439600000000000435e+00 1.224333500000000008e+01
4.461199999999999832e+00 1.212731699999999968e+01
4.482800000000000118e+00 1.211416700000000013e+01
4.504400000000000404e+00 1.202547099999999958e+01
4.525999999999999801e+00 1.230512799999999984e+01
4.547600000000000087e+00 1.196466799999999964e+01
4.569200000000000372e+00 1.222867899999999963e+01
4.590799999999999770e+00 1.218074999999999974e+01
4.612400000000000055e+00 1.252440499999999979e+01
4.634000000000000341e+00 1.223042300000000004e+01
4.655599999999999739e+00 1.213100200000000051e+01
4.677200000000000024e+00 1.211489699999999914e+01
4.698800000000000310e+00 1.207643500000000003e+01
4.720399999999999707e+00 1.212867699999999971e+01
4.741999999999999993e+00 1.218387700000000073e+01
4.763600000000000279e+00 1.216329499999999975e+01
4.785199999999999676e+00 1.216716899999999946e+01
4.806799999999999962e+00 1.205760300000000029e+01
4.828400000000000247e+00 1.188350600000000057e+01
4.849999999999999645e+00 1.225303800000000010e+01
4.871599999999999930e+00 1.194957400000000014e+01
4.893200000000000216e+00 1.217356400000000072e+01
4.914799999999999613e+00 1.191474299999999964e+01
4.936399999999999899e+00 1.205747900000000072e+01
4.958000000000000185e+00 1.211938100000000063e+01
4.979599999999999582e+00 1.216306800000000088e+01
5.001199999999999868e+00 1.218358699999999928e+01
5.022800000000000153e+00 1.220435999999999943e+01
5.044400000000000439e+00 1.199380799999999958e+01
5.065999999999999837e+00 1.204694100000000034e+01
5.087600000000000122e+00 1.203865300000000005e+01
5.109200000000000408e+00 1.207357499999999995e+01
5.130799999999999805e+00 1.192171199999999942e+01
5.152400000000000091e+00 1.215200100000000027e+01
5.174000000000000377e+00 1.204083499999999951e+01
5.195599999999999774e+00 1.200571799999999989e+01
5.217200000000000060e+00 1.199217400000000033e+01
5.238800000000000345e+00 1.215627699999999933e+01
5.260399999999999743e+00 1.191994200000000070e+01
5.282000000000000028e+00 1.218747300000000067e+01
5.303600000000000314e+00 1.184702799999999989e+01
5.325199999999999712e+00 1.198133600000000065e+01
5.346799999999999997e+00 1.210148599999999952e+01
5.368400000000000283e+00 1.194280999999999970e+01
5.389999999999999680e+00 1.203068200000000054e+01
5.411599999999999966e+00 1.192607100000000031e+01
5.433200000000000252e+00 1.178669900000000048e+01
5.454799999999999649e+00 1.199413400000000074e+01
5.476399999999999935e+00 1.193949800000000039e+01
5.498000000000000220e+00 1.191449000000000069e+01
5.519599999999999618e+00 1.173252199999999945e+01
5.541199999999999903e+00 1.192449300000000001e+01
5.562800000000000189e+00 1.193082799999999999e+01
5.584399999999999586e+00 1.167285099999999964e+01
5.605999999999999872e+00 1.203241399999999928e+01
5.627600000000000158e+00 1.204969700000000010e+01
5.649200000000000443e+00 1.207023799999999980e+01
5.670799999999999841e+00 1.193875000000000064e+01
5.692400000000000126e+00 1.200512600000000063e+01
5.714000000000000412e+00 1.182777300000000054e+01
5.735599999999999810e+00 1.183707599999999971e+01
5.757200000000000095e+00 1.184901699999999991e+01
5.778800000000000381e+00 1.167970700000000051e+01
5.800399999999999778e+00 1.182675200000000082e+01
5.822000000000000064e+00 1.190777500000000089e+01
5.843600000000000350e+00 1.193859499999999940e+01
5.865199999999999747e+00 1.152451100000000039e+01
5.886800000000000033e+00 1.172467800000000082e+01
5.908400000000000318e+00 1.209508600000000023e+01
5.929999999999999716e+00 1.194380300000000084e+01
5.951600000000000001e+00 1.153950599999999937e+01
5.973200000000000287e+00 1.226780300000000068e+01
5.994799999999999685e+00 1.171825100000000042e+01
6.016399999999999970e+00 1.200474299999999950e+01
6.038000000000000256e+00 1.212856999999999985e+01
6.059599999999999653e+00 1.166802599999999934e+01
6.081199999999999939e+00 1.131504299999999930e+01
6.102800000000000225e+00 1.167737699999999990e+01
6.124399999999999622e+00 1.193035300000000021e+01
6.145999999999999908e+00 1.211975200000000008e+01
6.167600000000000193e+00 1.206705000000000005e+01
6.189199999999999591e+00 1.177224499999999985e+01
