1.161106967926025391e+01
1.149601840972900391e+01
1.146553611755371094e+01
1.142815208435058594e+01
1.139680767059326172e+01
1.140407848358154297e+01
1.126333427429199219e+01
1.128871250152587891e+01
1.129136943817138672e+01
1.130673027038574219e+01
1.131272792816162109e+01
1.130105400085449219e+01
1.126837158203125000e+01
1.130724525451660156e+01
1.140289306640625000e+01
1.134746456146240234e+01
1.141252708435058594e+01
1.134143257141113281e+01
1.134725570678710938e+01
1.139960193634033203e+01
1.133791351318359375e+01
1.138200092315673828e+01
1.131273651123046875e+01
1.125255966186523438e+01
1.130540370941162109e+01
1.131726264953613281e+01
1.125606918334960938e+01
1.129466819763183594e+01
1.133561038970947266e+01
1.123298358917236328e+01
1.125609302520751953e+01
1.122741508483886719e+01
1.126732063293457031e+01
1.129103755950927734e+01
1.129794788360595703e+01
1.125778198242187500e+01
1.128893852233886719e+01
1.125672626495361328e+01
1.129820060729980469e+01
1.128391838073730469e+01
1.128019905090332031e+01
1.132829952239990234e+01
1.129304790496826172e+01
1.132357025146484375e+01
1.127762222290039062e+01
1.130412101745605469e+01
1.127892494201660156e+01
1.126201152801513672e+01
1.124556446075439453e+01
1.124298858642578125e+01
1.122989368438720703e+01
1.125692367553710938e+01
1.126059150695800781e+01
1.129900550842285156e+01
1.125137138366699219e+01
1.128310966491699219e+01
1.133749771118164062e+01
1.132036876678466797e+01
1.132507514953613281e+01
1.129576587677001953e+01
1.128329658508300781e+01
1.132662773132324219e+01
1.133596611022949219e+01
1.130181312561035156e+01
1.129977416992187500e+01
1.129046058654785156e+01
1.124049186706542969e+01
1.130529308319091797e+01
1.124977588653564453e+01
1.128514766693115234e+01
1.123049068450927734e+01
1.124806022644042969e+01
1.128485107421875000e+01
1.124192619323730469e+01
1.130249023437500000e+01
1.134663677215576172e+01
1.125222301483154297e+01
1.126327133178710938e+01
1.126851367950439453e+01
1.127925395965576172e+01
1.130944347381591797e+01
1.125432395935058594e+01
1.134938716888427734e+01
1.133922576904296875e+01
1.131162548065185547e+01
1.127470684051513672e+01
1.133606147766113281e+01
1.129099369049072266e+01
1.132497692108154297e+01
1.127866458892822266e+01
1.125190925598144531e+01
1.130689525604248047e+01
1.131742763519287109e+01
1.128509712219238281e+01
1.130908393859863281e+01
1.129671478271484375e+01
1.134379005432128906e+01
1.126324844360351562e+01
1.124251365661621094e+01
1.122124004364013672e+01
1.129112911224365234e+01
1.127164459228515625e+01
1.122728729248046875e+01
1.131682014465332031e+01
1.130853462219238281e+01
1.124299716949462891e+01
1.127323341369628906e+01
1.125922393798828125e+01
1.133020591735839844e+01
1.122337245941162109e+01
1.126153087615966797e+01
1.126348018646240234e+01
1.128044891357421875e+01
1.134137344360351562e+01
1.125802803039550781e+01
1.132297325134277344e+01
1.123983192443847656e+01
1.126452445983886719e+01
1.125574588775634766e+01
1.128054618835449219e+01
1.128925132751464844e+01
1.131416893005371094e+01
1.129458045959472656e+01
1.129665184020996094e+01
1.129416656494140625e+01
1.128240966796875000e+01
1.129200649261474609e+01
1.132735157012939453e+01
1.128088760375976562e+01
1.126122856140136719e+01
1.124583721160888672e+01
1.124938201904296875e+01
1.123311614990234375e+01
1.127661323547363281e+01
1.130862808227539062e+01
1.123358345031738281e+01
1.129509735107421875e+01
1.127086925506591797e+01
1.130323123931884766e+01
1.128386211395263672e+01
1.135262870788574219e+01
1.130167198181152344e+01
1.131200599670410156e+01
1.130799293518066406e+01
1.131823348999023438e+01
1.132712554931640625e+01
1.127876472473144531e+01
1.129601001739501953e+01
1.127994632720947266e+01
1.129979991912841797e+01
1.121085548400878906e+01
1.123474121093750000e+01
1.126663017272949219e+01
1.130301952362060547e+01
1.132771015167236328e+01
1.127699184417724609e+01
1.131463050842285156e+01
1.132194328308105469e+01
1.130467319488525391e+01
1.128017997741699219e+01
1.128068447113037109e+01
1.124628162384033203e+01
1.131023406982421875e+01
1.129166984558105469e+01
1.132849884033203125e+01
1.129167938232421875e+01
1.129043197631835938e+01
1.128616142272949219e+01
1.125643444061279297e+01
1.128505229949951172e+01
1.128708934783935547e+01
1.126102066040039062e+01
1.129473304748535156e+01
1.126024436950683594e+01
1.131734180450439453e+01
1.126634025573730469e+01
1.130145072937011719e+01
1.129846668243408203e+01
1.124936294555664062e+01
1.131036853790283203e+01
1.127320289611816406e+01
1.128706645965576172e+01
1.129767036437988281e+01
1.126739978790283203e+01
1.127509307861328125e+01
1.123038768768310547e+01
1.124903106689453125e+01
1.127176856994628906e+01
1.131724357604980469e+01
1.126534843444824219e+01
1.124824047088623047e+01
1.128362083435058594e+01
1.128044795989990234e+01
1.131299781799316406e+01
1.128987693786621094e+01
1.125462913513183594e+01
1.126257514953613281e+01
1.127361869812011719e+01
1.125759029388427734e+01
1.122787666320800781e+01
1.126603984832763672e+01
1.124998760223388672e+01
1.119921684265136719e+01
1.122335815429687500e+01
1.127054023742675781e+01
1.123579692840576172e+01
1.120380592346191406e+01
1.122927665710449219e+01
1.128355121612548828e+01
1.123868274688720703e+01
1.124981880187988281e+01
1.120391368865966797e+01
1.127428627014160156e+01
1.122792148590087891e+01
1.126026630401611328e+01
1.124227523803710938e+01
1.127457523345947266e+01
1.124831295013427734e+01
1.124731254577636719e+01
1.122833824157714844e+01
1.120924091339111328e+01
1.124784183502197266e+01
1.122892284393310547e+01
1.124146270751953125e+01
1.123488044738769531e+01
1.122333621978759766e+01
1.123640346527099609e+01
1.127405357360839844e+01
1.122422885894775391e+01
1.121411895751953125e+01
1.123294258117675781e+01
1.126628780364990234e+01
1.123311328887939453e+01
1.124795150756835938e+01
1.121475982666015625e+01
1.124381542205810547e+01
1.123706817626953125e+01
1.121177768707275391e+01
1.124980926513671875e+01
1.125945663452148438e+01
1.125839424133300781e+01
1.123905467987060547e+01
1.124854564666748047e+01
1.128716564178466797e+01
1.129309272766113281e+01
1.124641227722167969e+01
1.122527217864990234e+01
1.124019050598144531e+01
1.119902324676513672e+01
1.119871234893798828e+01
1.125548839569091797e+01
1.133214378356933594e+01
1.123799324035644531e+01
1.119812965393066406e+01
1.121175575256347656e+01
1.118800449371337891e+01
1.120594215393066406e+01
1.124000453948974609e+01
1.122011947631835938e+01
1.117944526672363281e+01
1.125427627563476562e+01
1.121463203430175781e+01
1.121955394744873047e+01
1.118914318084716797e+01
1.119428825378417969e+01
1.122401237487792969e+01
1.122130775451660156e+01
1.119911670684814453e+01
1.119219779968261719e+01
1.121683597564697266e+01
1.120446205139160156e+01
1.125582695007324219e+01
1.121996116638183594e+01
1.119109916687011719e+01
1.123636054992675781e+01
1.125630760192871094e+01
1.123630809783935547e+01
1.124403095245361328e+01
1.117915153503417969e+01
1.122411918640136719e+01
1.125355339050292969e+01
1.124504375457763672e+01
1.123557472229003906e+01
1.121573734283447266e+01
1.119278430938720703e+01
1.124380016326904297e+01
1.122934150695800781e+01
1.124708366394042969e+01
1.122012138366699219e+01
1.122282218933105469e+01
1.122859764099121094e+01
1.119579696655273438e+01
1.122916984558105469e+01
1.122993278503417969e+01
1.121850776672363281e+01
1.118239974975585938e+01
1.121391201019287109e+01
1.125209712982177734e+01
1.121528911590576172e+01
1.129206657409667969e+01
1.121656036376953125e+01
1.119889354705810547e+01
1.118384552001953125e+01
1.119873523712158203e+01
1.119362831115722656e+01
1.118251514434814453e+01
1.119093799591064453e+01
1.121082878112792969e+01
1.122443962097167969e+01
1.124708080291748047e+01
1.125112152099609375e+01
1.121798896789550781e+01
1.124362182617187500e+01
1.124850082397460938e+01
1.125294780731201172e+01
1.121792411804199219e+01
1.123469257354736328e+01
1.123012447357177734e+01
1.122436141967773438e+01
1.120031738281250000e+01
1.123767471313476562e+01
1.124092006683349609e+01
1.119740009307861328e+01
1.117872428894042969e+01
1.122529792785644531e+01
1.120922470092773438e+01
1.119426536560058594e+01
1.121894073486328125e+01
1.116758632659912109e+01
1.118188858032226562e+01
1.119758701324462891e+01
1.118628406524658203e+01
1.118239402770996094e+01
1.122586536407470703e+01
1.120204067230224609e+01
1.119449043273925781e+01
1.121567535400390625e+01
1.119839096069335938e+01
1.121074581146240234e+01
1.115951156616210938e+01
1.121720981597900391e+01
1.122010040283203125e+01
1.121253681182861328e+01
1.120965099334716797e+01
1.119305610656738281e+01
1.121695423126220703e+01
1.123986053466796875e+01
1.118634510040283203e+01
1.121704101562500000e+01
1.117122650146484375e+01
1.120717048645019531e+01
1.122322845458984375e+01
1.118565273284912109e+01
1.119539070129394531e+01
1.118180561065673828e+01
1.125441741943359375e+01
1.121921730041503906e+01
1.120761966705322266e+01
1.122015953063964844e+01
1.125315952301025391e+01
1.118729591369628906e+01
1.119669818878173828e+01
1.120720958709716797e+01
1.121271133422851562e+01
1.119884872436523438e+01
1.122013664245605469e+01
1.117418670654296875e+01
1.123319244384765625e+01
1.120748710632324219e+01
1.121320629119873047e+01
1.123753452301025391e+01
1.122202873229980469e+01
1.123117637634277344e+01
1.124125194549560547e+01
1.120953178405761719e+01
1.119284820556640625e+01
1.121959686279296875e+01
1.122098541259765625e+01
1.120314693450927734e+01
1.118379497528076172e+01
1.123216152191162109e+01
1.122195625305175781e+01
1.117756080627441406e+01
1.118371391296386719e+01
1.117389869689941406e+01
1.118059921264648438e+01
1.121116447448730469e+01
1.121776962280273438e+01
1.119605255126953125e+01
1.117728710174560547e+01
1.124352836608886719e+01
1.120349597930908203e+01
1.121363925933837891e+01
1.120692729949951172e+01
1.120110702514648438e+01
1.119475364685058594e+01
1.120149898529052734e+01
1.119656848907470703e+01
1.120946502685546875e+01
1.119750022888183594e+01
1.124609184265136719e+01
1.123505115509033203e+01
1.121032524108886719e+01
1.120842075347900391e+01
1.124574565887451172e+01
1.120519828796386719e+01
1.121896934509277344e+01
1.128186798095703125e+01
1.121970653533935547e+01
1.122684764862060547e+01
1.124741935729980469e+01
1.119935417175292969e+01
1.120559883117675781e+01
1.123444557189941406e+01
1.124228763580322266e+01
1.121714591979980469e+01
1.118881607055664062e+01
1.126678466796875000e+01
1.124656105041503906e+01
1.124656200408935547e+01
1.122372055053710938e+01
1.122661972045898438e+01
1.122966766357421875e+01
1.121298027038574219e+01
1.118900394439697266e+01
1.116978168487548828e+01
1.123849964141845703e+01
1.119027519226074219e+01
1.123111343383789062e+01
1.123557853698730469e+01
1.120048427581787109e+01
1.118875885009765625e+01
1.119157600402832031e+01
1.116348457336425781e+01
1.118598747253417969e+01
1.122204971313476562e+01
1.123481655120849609e+01
1.119595527648925781e+01
1.121974372863769531e+01
1.124499511718750000e+01
1.126091289520263672e+01
1.127105903625488281e+01
1.128035068511962891e+01
1.127010917663574219e+01
1.123570156097412109e+01
1.126625251770019531e+01
1.121241664886474609e+01
1.127189350128173828e+01
1.124871826171875000e+01
1.124606513977050781e+01
1.121970081329345703e+01
1.129360485076904297e+01
1.128067874908447266e+01
1.125545692443847656e+01
1.125286388397216797e+01
1.126682376861572266e+01
1.123395729064941406e+01
1.121991443634033203e+01
1.121853828430175781e+01
1.127364253997802734e+01
1.123191547393798828e+01
1.126863861083984375e+01
1.127031898498535156e+01
1.126258373260498047e+01
1.123771381378173828e+01
1.126926612854003906e+01
1.129398536682128906e+01
1.126341724395751953e+01
1.126524829864501953e+01
1.120969200134277344e+01
1.125500679016113281e+01
1.127494049072265625e+01
1.122696304321289062e+01
1.128473663330078125e+01
1.127189731597900391e+01
1.130824470520019531e+01
1.129983139038085938e+01
1.127716827392578125e+01
1.127897548675537109e+01
1.123735332489013672e+01
1.129583740234375000e+01
1.127434444427490234e+01
1.127570819854736328e+01
1.126166534423828125e+01
1.126370048522949219e+01
1.124276924133300781e+01
1.126475334167480469e+01
1.128294944763183594e+01
1.129458808898925781e+01
1.126098632812500000e+01
1.130494117736816406e+01
1.125739860534667969e+01
1.126072406768798828e+01
1.125239086151123047e+01
1.132097148895263672e+01
1.125078296661376953e+01
1.124784946441650391e+01
1.127909660339355469e+01
1.129117774963378906e+01
1.123199462890625000e+01
1.126080799102783203e+01
1.124469184875488281e+01
1.129519653320312500e+01
1.124902153015136719e+01
1.128946876525878906e+01
1.126886367797851562e+01
1.124219608306884766e+01
1.122187709808349609e+01
1.125644111633300781e+01
1.122486209869384766e+01
1.120751762390136719e+01
1.127116203308105469e+01
1.125895404815673828e+01
1.126729011535644531e+01
1.126715278625488281e+01
1.123982906341552734e+01
1.121567153930664062e+01
1.121963691711425781e+01
1.123435688018798828e+01
1.123880767822265625e+01
1.124686145782470703e+01
1.123208427429199219e+01
1.124326992034912109e+01
1.126806449890136719e+01
1.125858592987060547e+01
1.124188995361328125e+01
1.122482872009277344e+01
1.120831489562988281e+01
1.123781585693359375e+01
1.124410152435302734e+01
1.127170562744140625e+01
1.130019760131835938e+01
1.125964355468750000e+01
1.124620246887207031e+01
1.130970001220703125e+01
1.125863838195800781e+01
1.126251983642578125e+01
1.127990531921386719e+01
1.127150058746337891e+01
1.123234081268310547e+01
1.129834938049316406e+01
1.125839614868164062e+01
1.130948066711425781e+01
1.127816009521484375e+01
1.128150749206542969e+01
1.127066230773925781e+01
1.126661777496337891e+01
1.126835155487060547e+01
1.129305839538574219e+01
1.132417869567871094e+01
1.130428886413574219e+01
1.127802276611328125e+01
1.123349475860595703e+01
1.129317188262939453e+01
1.128245258331298828e+01
1.127969932556152344e+01
1.131979560852050781e+01
1.132322978973388672e+01
1.130465316772460938e+01
1.127264976501464844e+01
1.132693099975585938e+01
1.129714965820312500e+01
1.131327342987060547e+01
1.135406112670898438e+01
1.134200191497802734e+01
1.133145713806152344e+01
1.132399940490722656e+01
1.132834434509277344e+01
1.131067085266113281e+01
1.133718681335449219e+01
1.131790351867675781e+01
1.131730365753173828e+01
1.130205726623535156e+01
1.129018783569335938e+01
1.128206920623779297e+01
1.128932285308837891e+01
1.129928016662597656e+01
1.130594444274902344e+01
1.130169677734375000e+01
1.132094287872314453e+01
1.128159046173095703e+01
1.127743339538574219e+01
1.130663013458251953e+01
1.131090736389160156e+01
1.134171295166015625e+01
1.128512954711914062e+01
1.127133560180664062e+01
1.128591728210449219e+01
1.128045082092285156e+01
1.131169033050537109e+01
1.128995990753173828e+01
1.131875801086425781e+01
1.128773307800292969e+01
1.129606056213378906e+01
1.130711555480957031e+01
1.126673412322998047e+01
1.127891445159912109e+01
1.130199241638183594e+01
1.129491233825683594e+01
1.130328559875488281e+01
1.129904556274414062e+01
1.131340599060058594e+01
1.127385520935058594e+01
1.127112388610839844e+01
1.126109123229980469e+01
1.130266857147216797e+01
1.131294918060302734e+01
1.128373813629150391e+01
1.130925178527832031e+01
1.127302742004394531e+01
1.129218578338623047e+01
1.130265235900878906e+01
1.124358367919921875e+01
1.127571773529052734e+01
1.125645351409912109e+01
1.132516002655029297e+01
1.129453086853027344e+01
1.129157543182373047e+01
1.130012702941894531e+01
1.130996894836425781e+01
1.127873420715332031e+01
1.129118919372558594e+01
1.131037425994873047e+01
1.126795196533203125e+01
1.132155609130859375e+01
1.130892753601074219e+01
1.131499004364013672e+01
1.129167652130126953e+01
1.130488395690917969e+01
1.128692436218261719e+01
1.129584503173828125e+01
1.129815673828125000e+01
1.131124305725097656e+01
1.129902553558349609e+01
1.129043769836425781e+01
1.134805774688720703e+01
1.133630180358886719e+01
1.127212142944335938e+01
1.130118560791015625e+01
1.129180145263671875e+01
1.130275726318359375e+01
1.132415008544921875e+01
1.124240493774414062e+01
1.128243160247802734e+01
1.126472663879394531e+01
1.129470825195312500e+01
1.130557250976562500e+01
1.129745483398437500e+01
1.130160903930664062e+01
1.126962089538574219e+01
1.127629280090332031e+01
1.126300811767578125e+01
1.127007865905761719e+01
1.125959205627441406e+01
1.126959800720214844e+01
1.130187034606933594e+01
1.127581310272216797e+01
1.129131507873535156e+01
1.132254409790039062e+01
1.129425525665283203e+01
1.128812217712402344e+01
1.130062675476074219e+01
1.134828662872314453e+01
1.132097816467285156e+01
1.132044410705566406e+01
1.129504966735839844e+01
1.129048061370849609e+01
1.125867271423339844e+01
1.125198841094970703e+01
1.128770923614501953e+01
1.129377079010009766e+01
1.124809360504150391e+01
1.123607921600341797e+01
1.126488876342773438e+01
1.127289390563964844e+01
1.126054096221923828e+01
1.128407192230224609e+01
1.125920867919921875e+01
1.126227569580078125e+01
1.124139595031738281e+01
1.123051548004150391e+01
1.128195381164550781e+01
1.123747348785400391e+01
1.124315452575683594e+01
1.127076148986816406e+01
1.122919750213623047e+01
1.132084751129150391e+01
1.127301979064941406e+01
1.125618743896484375e+01
1.127608776092529297e+01
1.136184692382812500e+01
1.129600811004638672e+01
1.130669975280761719e+01
1.127495765686035156e+01
1.126164054870605469e+01
1.127982807159423828e+01
1.128979492187500000e+01
1.132182598114013672e+01
1.128507518768310547e+01
1.126815319061279297e+01
1.128940677642822266e+01
1.127436161041259766e+01
1.129377555847167969e+01
1.126767921447753906e+01
1.129422473907470703e+01
1.129353809356689453e+01
1.130549907684326172e+01
1.132964134216308594e+01
1.129279327392578125e+01
1.128551769256591797e+01
1.126367950439453125e+01
1.124788570404052734e+01
1.129217052459716797e+01
1.126363945007324219e+01
1.128301143646240234e+01
1.129700660705566406e+01
1.128060340881347656e+01
1.128683662414550781e+01
1.132581138610839844e+01
1.136282157897949219e+01
1.127688789367675781e+01
1.126845073699951172e+01
1.125059223175048828e+01
1.130594062805175781e+01
1.132585048675537109e+01
1.130552482604980469e+01
1.129504966735839844e+01
1.126042747497558594e+01
1.128868198394775391e+01
1.122917270660400391e+01
1.128060722351074219e+01
1.129677295684814453e+01
1.130355072021484375e+01
1.133081817626953125e+01
1.129459667205810547e+01
1.129830455780029297e+01
1.127071762084960938e+01
1.131006050109863281e+01
1.127575111389160156e+01
1.127402973175048828e+01
1.132186412811279297e+01
1.128543567657470703e+01
1.126120185852050781e+01
1.127872467041015625e+01
1.125894165039062500e+01
1.127644062042236328e+01
1.129597949981689453e+01
1.127650928497314453e+01
1.133170986175537109e+01
1.125269508361816406e+01
1.137122344970703125e+01
1.125902271270751953e+01
1.128528022766113281e+01
1.130156421661376953e+01
1.129704570770263672e+01
1.126492691040039062e+01
1.129569816589355469e+01
1.129375743865966797e+01
1.127532577514648438e+01
1.125158214569091797e+01
1.129834175109863281e+01
1.126349067687988281e+01
1.128944587707519531e+01
1.129431629180908203e+01
1.123651981353759766e+01
1.128950214385986328e+01
1.127794933319091797e+01
1.129501724243164062e+01
1.135008811950683594e+01
1.128952980041503906e+01
1.133351612091064453e+01
1.129311656951904297e+01
1.129438972473144531e+01
1.129476737976074219e+01
1.132205009460449219e+01
1.137004566192626953e+01
1.134175205230712891e+01
1.135911083221435547e+01
1.134741783142089844e+01
1.138282966613769531e+01
1.135333061218261719e+01
1.137004375457763672e+01
1.136711311340332031e+01
1.131525611877441406e+01
1.130429840087890625e+01
1.134422969818115234e+01
1.132134151458740234e+01
1.130346202850341797e+01
1.130188560485839844e+01
1.133626270294189453e+01
1.137523651123046875e+01
1.133663177490234375e+01
1.136631965637207031e+01
1.132388305664062500e+01
1.136677646636962891e+01
1.131996726989746094e+01
1.131441307067871094e+01
1.133151054382324219e+01
1.132212734222412109e+01
1.130575942993164062e+01
1.136093330383300781e+01
1.130768585205078125e+01
1.130733680725097656e+01
1.130119419097900391e+01
1.128742313385009766e+01
1.129463386535644531e+01
1.133312225341796875e+01
1.136198234558105469e+01
1.131973266601562500e+01
1.132184600830078125e+01
1.133368873596191406e+01
1.133615493774414062e+01
1.131774425506591797e+01
1.132410907745361328e+01
1.132796669006347656e+01
1.131271553039550781e+01
1.133804130554199219e+01
1.130780982971191406e+01
1.133544731140136719e+01
1.130170917510986328e+01
1.136720752716064453e+01
1.136888694763183594e+01
1.136417007446289062e+01
1.135331535339355469e+01
1.136181640625000000e+01
1.136457633972167969e+01
1.134692573547363281e+01
1.138276386260986328e+01
1.133707046508789062e+01
1.137197685241699219e+01
1.136854362487792969e+01
1.143044471740722656e+01
1.141140937805175781e+01
1.139045906066894531e+01
1.142237567901611328e+01
1.136567211151123047e+01
1.142128276824951172e+01
1.137240791320800781e+01
1.141346836090087891e+01
1.141394805908203125e+01
1.136260986328125000e+01
1.139294624328613281e+01
1.135055732727050781e+01
1.134853076934814453e+01
1.131788730621337891e+01
1.132722759246826172e+01
1.137695789337158203e+01
1.135862827301025391e+01
1.140900993347167969e+01
1.137848663330078125e+01
1.135534286499023438e+01
1.141306018829345703e+01
1.135449028015136719e+01
1.138561439514160156e+01
1.132912254333496094e+01
1.139198398590087891e+01
1.132052612304687500e+01
1.131353950500488281e+01
1.133712577819824219e+01
1.132098770141601562e+01
1.136246109008789062e+01
1.134202289581298828e+01
1.133512592315673828e+01
1.133213329315185547e+01
1.134776782989501953e+01
1.137457656860351562e+01
1.137514400482177734e+01
1.136810302734375000e+01
1.136602306365966797e+01
1.141162967681884766e+01
1.137260246276855469e+01
1.137393379211425781e+01
1.135644912719726562e+01
1.136991691589355469e+01
1.138407993316650391e+01
1.135556888580322266e+01
1.136481666564941406e+01
1.138835811614990234e+01
1.139082813262939453e+01
1.136632728576660156e+01
1.135973644256591797e+01
1.139823436737060547e+01
1.135075664520263672e+01
1.135402584075927734e+01
1.133614921569824219e+01
1.135644340515136719e+01
1.137030506134033203e+01
1.137821292877197266e+01
1.143276977539062500e+01
1.140770912170410156e+01
1.135578441619873047e+01
1.140728569030761719e+01
1.137408256530761719e+01
1.134626865386962891e+01
1.130990982055664062e+01
1.129838371276855469e+01
1.132341670989990234e+01
1.131261157989501953e+01
1.134719467163085938e+01
1.134945201873779297e+01
1.129411411285400391e+01
1.134202480316162109e+01
1.131569862365722656e+01
1.132979869842529297e+01
1.132282447814941406e+01
1.137550926208496094e+01
1.135737514495849609e+01
1.137684059143066406e+01
1.131547737121582031e+01
1.133456039428710938e+01
1.138012313842773438e+01
1.137494850158691406e+01
1.135531044006347656e+01
1.137851142883300781e+01
1.135966205596923828e+01
1.135215663909912109e+01
1.137880420684814453e+01
1.142878055572509766e+01
1.139112091064453125e+01
1.131926155090332031e+01
1.136222648620605469e+01
1.132579803466796875e+01
1.134101390838623047e+01
1.132254219055175781e+01
1.135015678405761719e+01
1.131304740905761719e+01
1.136046123504638672e+01
1.135859394073486328e+01
1.134823799133300781e+01
1.137810516357421875e+01
1.139791488647460938e+01
1.138007164001464844e+01
1.135131263732910156e+01
1.132669639587402344e+01
1.136527824401855469e+01
1.137863540649414062e+01
1.138825798034667969e+01
1.133807373046875000e+01
1.134305191040039062e+01
1.138094520568847656e+01
1.134132671356201172e+01
1.137297630310058594e+01
1.138458442687988281e+01
1.140151786804199219e+01
1.139073276519775391e+01
1.139454078674316406e+01
1.136535835266113281e+01
1.137933826446533203e+01
1.135752582550048828e+01
1.133750629425048828e+01
1.142643260955810547e+01
1.135866546630859375e+01
1.142224311828613281e+01
1.133954048156738281e+01
1.140113925933837891e+01
1.133885002136230469e+01
1.136066246032714844e+01
1.136372947692871094e+01
1.134936714172363281e+01
1.138404083251953125e+01
1.135356426239013672e+01
1.140774059295654297e+01
1.135314369201660156e+01
1.136199474334716797e+01
1.142030811309814453e+01
1.135320091247558594e+01
1.141404438018798828e+01
1.137748908996582031e+01
1.136412143707275391e+01
1.135523509979248047e+01
1.134398555755615234e+01
1.134628486633300781e+01
1.135169506072998047e+01
1.137327861785888672e+01
1.134605598449707031e+01
1.137428760528564453e+01
1.135080909729003906e+01
1.136430644989013672e+01
1.137408447265625000e+01
1.135547637939453125e+01
1.137829399108886719e+01
1.136239433288574219e+01
1.134843349456787109e+01
1.141567230224609375e+01
1.137458229064941406e+01
1.136779785156250000e+01
1.136048126220703125e+01
1.138453960418701172e+01
1.141646289825439453e+01
1.138215732574462891e+01
1.137625122070312500e+01
1.136345386505126953e+01
1.140617847442626953e+01
1.138498783111572266e+01
1.137766551971435547e+01
1.139365196228027344e+01
1.138240718841552734e+01
1.139668750762939453e+01
1.138589859008789062e+01
1.137164783477783203e+01
1.142383670806884766e+01
1.138977909088134766e+01
1.134866809844970703e+01
1.136373424530029297e+01
1.140837860107421875e+01
1.136966133117675781e+01
1.135612964630126953e+01
1.136969184875488281e+01
1.138414192199707031e+01
1.141588592529296875e+01
1.138977813720703125e+01
1.138005256652832031e+01
1.138966560363769531e+01
1.143642234802246094e+01
1.136561679840087891e+01
1.134911727905273438e+01
1.135972309112548828e+01
1.134978389739990234e+01
1.135513114929199219e+01
1.135468292236328125e+01
1.134151840209960938e+01
1.133718013763427734e+01
1.131814384460449219e+01
1.136162757873535156e+01
1.138547134399414062e+01
1.137120819091796875e+01
1.137256813049316406e+01
1.135853672027587891e+01
1.137679862976074219e+01
1.136789131164550781e+01
1.140826225280761719e+01
1.137432670593261719e+01
1.143380355834960938e+01
1.138394737243652344e+01
1.141967010498046875e+01
1.140992450714111328e+01
1.141874790191650391e+01
1.136699867248535156e+01
1.140538215637207031e+01
1.135828208923339844e+01
1.136522388458251953e+01
1.137768077850341797e+01
1.140290927886962891e+01
1.142411708831787109e+01
1.142768192291259766e+01
1.137092113494873047e+01
1.132648086547851562e+01
1.131530380249023438e+01
1.135440063476562500e+01
1.136831092834472656e+01
1.134189701080322266e+01
1.136820220947265625e+01
1.135339546203613281e+01
1.134712028503417969e+01
1.133534526824951172e+01
1.131432533264160156e+01
1.134285449981689453e+01
1.131656646728515625e+01
1.133993339538574219e+01
1.133102226257324219e+01
1.132369422912597656e+01
1.131765937805175781e+01
1.131147480010986328e+01
1.136952972412109375e+01
1.135525989532470703e+01
1.131622123718261719e+01
1.136307811737060547e+01
1.139202499389648438e+01
1.132907295227050781e+01
1.134767055511474609e+01
1.134218788146972656e+01
1.130958747863769531e+01
1.130985832214355469e+01
1.136620903015136719e+01
1.131597423553466797e+01
1.138248062133789062e+01
1.132450962066650391e+01
1.135076904296875000e+01
1.134987640380859375e+01
1.133199119567871094e+01
1.133501815795898438e+01
1.135018157958984375e+01
1.134170055389404297e+01
1.132796287536621094e+01
1.134513568878173828e+01
1.131952667236328125e+01
1.138525772094726562e+01
1.136872768402099609e+01
1.137360000610351562e+01
1.131379222869873047e+01
1.135337066650390625e+01
1.139595127105712891e+01
1.135609722137451172e+01
1.135684585571289062e+01
1.135265350341796875e+01
1.132826137542724609e+01
1.135604476928710938e+01
1.138226890563964844e+01
1.138944721221923828e+01
1.133444786071777344e+01
1.130531978607177734e+01
1.138987159729003906e+01
1.134436225891113281e+01
1.130899238586425781e+01
1.136683750152587891e+01
1.134126377105712891e+01
1.135270977020263672e+01
1.135689067840576172e+01
1.134159374237060547e+01
1.131494331359863281e+01
1.135024833679199219e+01
1.129780864715576172e+01
1.128843212127685547e+01
1.125267505645751953e+01
1.132426548004150391e+01
1.130261802673339844e+01
1.134344863891601562e+01
1.131630897521972656e+01
1.134382724761962891e+01
1.137517833709716797e+01
1.133170986175537109e+01
1.136038398742675781e+01
1.133472156524658203e+01
1.127195072174072266e+01
1.131986808776855469e+01
1.127605342864990234e+01
1.131022834777832031e+01
1.129464721679687500e+01
1.130545425415039062e+01
1.127868652343750000e+01
1.129572486877441406e+01
1.126634788513183594e+01
1.126503753662109375e+01
1.125148773193359375e+01
1.127746772766113281e+01
1.126216220855712891e+01
1.127834892272949219e+01
1.131254863739013672e+01
1.130996894836425781e+01
1.127155590057373047e+01
1.127302455902099609e+01
1.124328422546386719e+01
1.124044418334960938e+01
1.122447299957275391e+01
1.123492622375488281e+01
1.123804187774658203e+01
1.123935985565185547e+01
1.127201366424560547e+01
1.125378894805908203e+01
1.132114601135253906e+01
1.132143402099609375e+01
1.128118705749511719e+01
1.132538032531738281e+01
1.132588386535644531e+01
1.131374073028564453e+01
1.132627677917480469e+01
1.125119400024414062e+01
1.125643348693847656e+01
1.129627418518066406e+01
1.129140186309814453e+01
1.128967094421386719e+01
1.130652046203613281e+01
1.128191947937011719e+01
1.126898574829101562e+01
1.127297401428222656e+01
1.125354003906250000e+01
1.125066947937011719e+01
1.125223636627197266e+01
1.127248668670654297e+01
1.129169559478759766e+01
1.130043315887451172e+01
1.126533317565917969e+01
1.126788139343261719e+01
1.128607368469238281e+01
1.129466438293457031e+01
1.131278419494628906e+01
1.124896240234375000e+01
1.133241367340087891e+01
1.125823783874511719e+01
1.128491401672363281e+01
1.124948596954345703e+01
1.124780464172363281e+01
1.125273036956787109e+01
1.127284812927246094e+01
1.124733066558837891e+01
1.128456306457519531e+01
1.128907871246337891e+01
1.129815673828125000e+01
1.130512523651123047e+01
1.135568618774414062e+01
1.135183525085449219e+01
1.135378551483154297e+01
1.137423515319824219e+01
1.136714649200439453e+01
1.133710193634033203e+01
1.131973075866699219e+01
1.134466361999511719e+01
1.135756587982177734e+01
1.130761718750000000e+01
1.137679576873779297e+01
1.134229755401611328e+01
1.134791660308837891e+01
1.130769252777099609e+01
1.128794193267822266e+01
1.127766704559326172e+01
1.131712436676025391e+01
1.132027339935302734e+01
1.127953243255615234e+01
1.130136680603027344e+01
1.133938789367675781e+01
1.129569244384765625e+01
1.129316139221191406e+01
1.130929756164550781e+01
1.128061676025390625e+01
1.129031181335449219e+01
1.126018333435058594e+01
1.128164863586425781e+01
1.133911705017089844e+01
1.126626396179199219e+01
1.128044891357421875e+01
1.125643062591552734e+01
1.127492523193359375e+01
1.127217292785644531e+01
1.126326560974121094e+01
1.129211997985839844e+01
1.138750839233398438e+01
1.131390762329101562e+01
1.133615112304687500e+01
1.128904914855957031e+01
1.129722404479980469e+01
1.130453300476074219e+01
1.123578262329101562e+01
1.125279808044433594e+01
1.126807022094726562e+01
1.129929924011230469e+01
1.128540229797363281e+01
1.124727058410644531e+01
1.125903892517089844e+01
1.129065799713134766e+01
1.129252529144287109e+01
1.123303413391113281e+01
1.129137611389160156e+01
1.131672191619873047e+01
1.128576278686523438e+01
1.128156375885009766e+01
1.125499916076660156e+01
1.125358676910400391e+01
1.126440238952636719e+01
1.126563358306884766e+01
1.125459480285644531e+01
1.127749633789062500e+01
1.128948211669921875e+01
1.131933021545410156e+01
1.130867481231689453e+01
1.131010627746582031e+01
1.130418968200683594e+01
1.128296947479248047e+01
1.126792716979980469e+01
1.126424121856689453e+01
1.129505825042724609e+01
1.131564521789550781e+01
1.129118442535400391e+01
1.131763935089111328e+01
1.129402732849121094e+01
1.130937671661376953e+01
1.129523754119873047e+01
1.130028057098388672e+01
1.133120346069335938e+01
1.131427192687988281e+01
1.127214813232421875e+01
1.129241371154785156e+01
1.132608604431152344e+01
1.130546092987060547e+01
1.126342773437500000e+01
1.129626274108886719e+01
1.126389122009277344e+01
1.130170631408691406e+01
1.132698726654052734e+01
1.131734752655029297e+01
1.129347324371337891e+01
1.122999095916748047e+01
1.123886299133300781e+01
1.123834037780761719e+01
1.125905323028564453e+01
1.123211193084716797e+01
1.126233768463134766e+01
1.129686069488525391e+01
1.131662368774414062e+01
1.129760169982910156e+01
1.131507587432861328e+01
1.127746200561523438e+01
1.130533027648925781e+01
1.131264877319335938e+01
1.128541755676269531e+01
1.130390644073486328e+01
1.131725883483886719e+01
1.128270530700683594e+01
1.132184886932373047e+01
1.122535037994384766e+01
1.128699684143066406e+01
1.123963451385498047e+01
1.128221702575683594e+01
1.129504585266113281e+01
1.123986339569091797e+01
1.127492332458496094e+01
1.132436084747314453e+01
1.134365844726562500e+01
1.127006053924560547e+01
1.131456470489501953e+01
1.129353904724121094e+01
1.131836986541748047e+01
1.131795883178710938e+01
1.130795478820800781e+01
1.133901500701904297e+01
1.132371711730957031e+01
1.132720756530761719e+01
1.138013648986816406e+01
1.131509017944335938e+01
1.133838653564453125e+01
1.133360576629638672e+01
1.131803226470947266e+01
1.132397842407226562e+01
1.130281257629394531e+01
1.134274291992187500e+01
1.130548477172851562e+01
1.129404258728027344e+01
1.134626293182373047e+01
1.130497837066650391e+01
1.129861640930175781e+01
1.129763221740722656e+01
1.127327728271484375e+01
1.132610607147216797e+01
1.128379344940185547e+01
1.129770278930664062e+01
1.123456859588623047e+01
1.125062465667724609e+01
1.132081699371337891e+01
1.125889015197753906e+01
1.125998401641845703e+01
1.131566810607910156e+01
1.126768207550048828e+01
1.129264926910400391e+01
1.128830337524414062e+01
1.129588127136230469e+01
1.132263755798339844e+01
1.136339378356933594e+01
1.131348133087158203e+01
1.133722114562988281e+01
1.134339141845703125e+01
1.131542778015136719e+01
1.131824302673339844e+01
1.138498687744140625e+01
1.136957168579101562e+01
1.136154937744140625e+01
1.137103462219238281e+01
1.136190795898437500e+01
1.132769966125488281e+01
1.136351585388183594e+01
1.137900638580322266e+01
1.131124114990234375e+01
1.134854888916015625e+01
1.129044151306152344e+01
1.134616088867187500e+01
1.133991050720214844e+01
1.133759307861328125e+01
1.134383392333984375e+01
1.131186389923095703e+01
1.137153911590576172e+01
1.130004405975341797e+01
1.132101917266845703e+01
1.132407569885253906e+01
1.132267189025878906e+01
1.129941177368164062e+01
1.130735206604003906e+01
1.130167484283447266e+01
1.131714344024658203e+01
1.130688667297363281e+01
1.140472793579101562e+01
1.133568763732910156e+01
1.133483409881591797e+01
1.132019519805908203e+01
1.135172367095947266e+01
1.132956409454345703e+01
1.136051750183105469e+01
1.131908226013183594e+01
1.134565162658691406e+01
1.131993293762207031e+01
1.132714653015136719e+01
1.129956054687500000e+01
1.133659648895263672e+01
1.129348945617675781e+01
1.133239936828613281e+01
1.129056835174560547e+01
1.126974487304687500e+01
1.128961753845214844e+01
1.127503299713134766e+01
1.135854530334472656e+01
1.134165668487548828e+01
1.133279228210449219e+01
1.129957866668701172e+01
1.127062511444091797e+01
1.127170753479003906e+01
1.128468513488769531e+01
1.125852680206298828e+01
1.124721908569335938e+01
1.127341556549072266e+01
1.131690406799316406e+01
1.131858253479003906e+01
1.130720806121826172e+01
1.130185508728027344e+01
1.131498241424560547e+01
1.131288337707519531e+01
1.135217475891113281e+01
1.134403419494628906e+01
1.133136177062988281e+01
1.128796386718750000e+01
1.133435249328613281e+01
1.135386848449707031e+01
1.134777832031250000e+01
1.133362579345703125e+01
1.132478046417236328e+01
1.132165527343750000e+01
1.133633232116699219e+01
1.135801792144775391e+01
1.134679222106933594e+01
1.136400985717773438e+01
1.131664180755615234e+01
1.134382724761962891e+01
1.133901786804199219e+01
1.131467533111572266e+01
1.130740928649902344e+01
1.128307056427001953e+01
1.132470130920410156e+01
1.127715587615966797e+01
1.124733543395996094e+01
1.125710201263427734e+01
1.127024269104003906e+01
1.129577255249023438e+01
1.134511375427246094e+01
1.129502773284912109e+01
1.132544422149658203e+01
1.129113197326660156e+01
1.132571601867675781e+01
1.128844451904296875e+01
1.130277252197265625e+01
1.126080894470214844e+01
1.129802036285400391e+01
1.126433563232421875e+01
1.132094764709472656e+01
1.126400756835937500e+01
1.130272388458251953e+01
1.128624057769775391e+01
1.127175712585449219e+01
1.125718212127685547e+01
1.127970409393310547e+01
1.126262187957763672e+01
1.126694488525390625e+01
1.127427196502685547e+01
1.128231334686279297e+01
1.128845596313476562e+01
1.129967212677001953e+01
1.125715446472167969e+01
1.131180000305175781e+01
1.125945854187011719e+01
1.126200389862060547e+01
1.126949691772460938e+01
1.127527427673339844e+01
1.128491687774658203e+01
1.129500007629394531e+01
1.132012176513671875e+01
1.130474662780761719e+01
1.124495887756347656e+01
1.133192348480224609e+01
1.129523754119873047e+01
1.125003910064697266e+01
1.125202655792236328e+01
1.130920600891113281e+01
1.126825141906738281e+01
1.128338050842285156e+01
1.126772880554199219e+01
1.129262733459472656e+01
1.126788806915283203e+01
1.130469322204589844e+01
1.127376270294189453e+01
1.130019664764404297e+01
1.132193756103515625e+01
1.130895996093750000e+01
1.128085708618164062e+01
1.130608177185058594e+01
1.129488754272460938e+01
1.133061122894287109e+01
1.130081653594970703e+01
1.128451538085937500e+01
1.129403877258300781e+01
1.128406143188476562e+01
1.127836418151855469e+01
1.137447547912597656e+01
1.127768516540527344e+01
1.129218864440917969e+01
1.133479118347167969e+01
1.128787231445312500e+01
1.132136249542236328e+01
1.128122329711914062e+01
1.127079010009765625e+01
1.130466747283935547e+01
1.132154750823974609e+01
1.130855369567871094e+01
1.132793426513671875e+01
1.134608364105224609e+01
1.133158588409423828e+01
1.130770683288574219e+01
1.133212089538574219e+01
1.134628868103027344e+01
1.136868476867675781e+01
1.133803844451904297e+01
1.132289028167724609e+01
1.134675884246826172e+01
1.131553173065185547e+01
1.132176017761230469e+01
1.133743476867675781e+01
1.134499168395996094e+01
1.133805942535400391e+01
1.131755161285400391e+01
1.135639286041259766e+01
1.134653759002685547e+01
1.133034706115722656e+01
1.129183483123779297e+01
1.133216762542724609e+01
1.134429740905761719e+01
1.135754776000976562e+01
1.135202598571777344e+01
1.131939888000488281e+01
1.131078720092773438e+01
1.133078193664550781e+01
1.129086112976074219e+01
1.131958961486816406e+01
1.129428577423095703e+01
1.128273105621337891e+01
1.130007362365722656e+01
1.129574203491210938e+01
1.132092475891113281e+01
1.129990100860595703e+01
1.129359722137451172e+01
1.129268932342529297e+01
1.128310108184814453e+01
1.126525402069091797e+01
1.133188056945800781e+01
1.132627105712890625e+01
1.127520942687988281e+01
1.131122875213623047e+01
1.127620029449462891e+01
1.131737327575683594e+01
1.130976200103759766e+01
1.129569816589355469e+01
1.129933452606201172e+01
1.130231666564941406e+01
1.132417488098144531e+01
1.127093315124511719e+01
1.128701591491699219e+01
1.124731063842773438e+01
1.131468677520751953e+01
1.129765033721923828e+01
1.125592231750488281e+01
1.125459194183349609e+01
1.127728271484375000e+01
1.129888725280761719e+01
1.131470298767089844e+01
1.128999996185302734e+01
1.128523159027099609e+01
1.129526329040527344e+01
1.128206825256347656e+01
1.132346534729003906e+01
1.131343650817871094e+01
1.128572559356689453e+01
1.127038097381591797e+01
1.129263496398925781e+01
1.132697772979736328e+01
1.130681610107421875e+01
1.134593868255615234e+01
1.126128959655761719e+01
1.130424594879150391e+01
1.133387470245361328e+01
1.131797599792480469e+01
1.133614158630371094e+01
1.133004760742187500e+01
1.131987571716308594e+01
1.129059886932373047e+01
1.129360008239746094e+01
1.133673477172851562e+01
1.127852344512939453e+01
1.126631355285644531e+01
1.133559417724609375e+01
1.135685062408447266e+01
1.127551269531250000e+01
1.131322288513183594e+01
1.133258914947509766e+01
1.128370380401611328e+01
1.132747554779052734e+01
1.132213783264160156e+01
1.131628608703613281e+01
1.131918811798095703e+01
1.133108329772949219e+01
1.130351829528808594e+01
1.131945037841796875e+01
1.136847305297851562e+01
1.130528354644775391e+01
1.125970649719238281e+01
1.129351043701171875e+01
1.129743194580078125e+01
1.129462623596191406e+01
1.132523441314697266e+01
1.132346057891845703e+01
1.130173683166503906e+01
1.129752063751220703e+01
1.128935909271240234e+01
1.132215118408203125e+01
1.129796028137207031e+01
1.129636383056640625e+01
1.131440830230712891e+01
1.130783557891845703e+01
1.134587669372558594e+01
1.129402351379394531e+01
1.136082649230957031e+01
1.132944297790527344e+01
1.135903930664062500e+01
1.129321765899658203e+01
1.132466602325439453e+01
1.130254936218261719e+01
1.136465644836425781e+01
1.132616424560546875e+01
1.133122444152832031e+01
1.133592796325683594e+01
1.133273506164550781e+01
1.134892368316650391e+01
1.133802509307861328e+01
1.138262557983398438e+01
1.134719085693359375e+01
1.135411739349365234e+01
1.137783622741699219e+01
1.136167430877685547e+01
1.134227561950683594e+01
1.128008842468261719e+01
1.132952880859375000e+01
1.140240669250488281e+01
1.139836692810058594e+01
1.131808090209960938e+01
1.134332752227783203e+01
1.131533050537109375e+01
1.131488227844238281e+01
1.135307598114013672e+01
1.134432601928710938e+01
1.133158111572265625e+01
1.139367675781250000e+01
1.135900020599365234e+01
1.137091255187988281e+01
1.140948486328125000e+01
1.138941478729248047e+01
1.137804985046386719e+01
1.139855575561523438e+01
1.135701179504394531e+01
1.142186450958251953e+01
1.137844657897949219e+01
1.138788223266601562e+01
1.136555004119873047e+01
1.137565326690673828e+01
1.141495609283447266e+01
1.137596035003662109e+01
1.135921287536621094e+01
1.137938022613525391e+01
1.136630630493164062e+01
1.135649585723876953e+01
1.133353710174560547e+01
1.134948158264160156e+01
1.135545063018798828e+01
1.138686084747314453e+01
1.140932369232177734e+01
1.138693809509277344e+01
1.138232231140136719e+01
1.134774208068847656e+01
1.135551261901855469e+01
1.138078594207763672e+01
1.135829448699951172e+01
1.134469032287597656e+01
1.133069610595703125e+01
1.128290653228759766e+01
1.129284667968750000e+01
1.130529308319091797e+01
1.131159782409667969e+01
1.128468418121337891e+01
1.127905654907226562e+01
1.130140399932861328e+01
1.127959442138671875e+01
1.129395008087158203e+01
1.123328495025634766e+01
1.125000762939453125e+01
1.126515102386474609e+01
1.124264907836914062e+01
1.123433876037597656e+01
1.128467559814453125e+01
1.131991577148437500e+01
1.127583408355712891e+01
1.123901748657226562e+01
1.127476596832275391e+01
1.122483253479003906e+01
1.128014278411865234e+01
1.122876453399658203e+01
1.130538463592529297e+01
1.126535797119140625e+01
1.123655605316162109e+01
1.129085540771484375e+01
1.125922203063964844e+01
1.125701522827148438e+01
1.126927089691162109e+01
1.126646614074707031e+01
1.124414920806884766e+01
1.129038715362548828e+01
1.129452323913574219e+01
1.130906105041503906e+01
1.125584220886230469e+01
1.124043560028076172e+01
1.128439331054687500e+01
1.126577949523925781e+01
1.126060676574707031e+01
1.123969364166259766e+01
1.126415824890136719e+01
1.126778602600097656e+01
1.130196094512939453e+01
1.120976829528808594e+01
1.129123973846435547e+01
1.130911064147949219e+01
1.126738262176513672e+01
1.130709457397460938e+01
1.124644660949707031e+01
1.127347183227539062e+01
1.126574897766113281e+01
1.124446868896484375e+01
1.127853584289550781e+01
1.129602813720703125e+01
1.130920982360839844e+01
1.124516391754150391e+01
1.130845737457275391e+01
1.125257682800292969e+01
1.126109409332275391e+01
1.133211898803710938e+01
1.129160022735595703e+01
1.126721000671386719e+01
1.130458164215087891e+01
1.128876304626464844e+01
1.134443950653076172e+01
1.131440830230712891e+01
1.130619335174560547e+01
1.129680633544921875e+01
1.128897476196289062e+01
1.128700160980224609e+01
1.130879402160644531e+01
1.133925533294677734e+01
1.128435325622558594e+01
1.134731292724609375e+01
1.134152412414550781e+01
1.132333850860595703e+01
1.132022953033447266e+01
1.130428886413574219e+01
1.126946640014648438e+01
1.129759311676025391e+01
1.130250453948974609e+01
1.129363155364990234e+01
1.131213378906250000e+01
1.130231285095214844e+01
1.132809257507324219e+01
1.133204364776611328e+01
1.138058280944824219e+01
1.134479713439941406e+01
1.130066680908203125e+01
1.129822540283203125e+01
1.131142711639404297e+01
1.131991386413574219e+01
1.131506156921386719e+01
1.131880378723144531e+01
1.136485004425048828e+01
1.133912086486816406e+01
1.134424686431884766e+01
1.135249805450439453e+01
1.128616142272949219e+01
1.137496471405029297e+01
1.141902065277099609e+01
1.138841152191162109e+01
1.132686996459960938e+01
1.139728260040283203e+01
1.134491348266601562e+01
1.136872768402099609e+01
1.135336685180664062e+01
1.130937767028808594e+01
1.134832382202148438e+01
1.135216331481933594e+01
1.133427238464355469e+01
1.137035655975341797e+01
1.137521934509277344e+01
1.132126045227050781e+01
1.135497570037841797e+01
1.134194183349609375e+01
1.137233448028564453e+01
1.130498218536376953e+01
1.131732177734375000e+01
1.133725166320800781e+01
1.132581329345703125e+01
1.132197666168212891e+01
1.131532192230224609e+01
1.133388423919677734e+01
1.130785179138183594e+01
1.137220954895019531e+01
1.134145545959472656e+01
1.130980396270751953e+01
1.133591747283935547e+01
1.133511829376220703e+01
1.132345199584960938e+01
1.134586620330810547e+01
1.131073760986328125e+01
1.131234550476074219e+01
1.133249473571777344e+01
1.134314441680908203e+01
1.131524467468261719e+01
1.129928970336914062e+01
1.132631874084472656e+01
1.137164783477783203e+01
1.132530117034912109e+01
1.132258796691894531e+01
1.133476924896240234e+01
1.133342933654785156e+01
1.135598182678222656e+01
1.133295154571533203e+01
1.130146121978759766e+01
1.134921836853027344e+01
1.131970214843750000e+01
1.136634349822998047e+01
1.132292270660400391e+01
1.132129383087158203e+01
1.135091114044189453e+01
1.130351543426513672e+01
1.137257194519042969e+01
1.133721065521240234e+01
1.130638790130615234e+01
1.134743881225585938e+01
1.132088470458984375e+01
1.131756782531738281e+01
1.133642768859863281e+01
1.135488700866699219e+01
1.133410453796386719e+01
1.133959579467773438e+01
1.138477611541748047e+01
1.136543941497802734e+01
1.132722949981689453e+01
1.129828071594238281e+01
1.133619499206542969e+01
1.132291698455810547e+01
1.134021949768066406e+01
1.133305454254150391e+01
1.134101390838623047e+01
1.133073234558105469e+01
1.130831146240234375e+01
1.133117198944091797e+01
1.135781478881835938e+01
1.134299755096435547e+01
1.139289093017578125e+01
1.137253665924072266e+01
1.137242603302001953e+01
1.134985351562500000e+01
1.132568931579589844e+01
1.135128593444824219e+01
1.132472133636474609e+01
1.136823081970214844e+01
1.130030250549316406e+01
1.133061408996582031e+01
1.132103443145751953e+01
1.131733131408691406e+01
1.134813499450683594e+01
1.129049491882324219e+01
1.133722686767578125e+01
1.131637191772460938e+01
1.137797355651855469e+01
1.132922840118408203e+01
1.132223129272460938e+01
1.133867168426513672e+01
1.134692192077636719e+01
1.130091953277587891e+01
1.128474903106689453e+01
1.126500415802001953e+01
1.129339218139648438e+01
1.129903984069824219e+01
1.128944206237792969e+01
1.130858898162841797e+01
1.131437110900878906e+01
1.127113246917724609e+01
1.133004570007324219e+01
1.135607910156250000e+01
1.133911514282226562e+01
1.132528209686279297e+01
1.134812259674072266e+01
1.130227851867675781e+01
1.133563041687011719e+01
1.131673717498779297e+01
1.134953594207763672e+01
1.133968353271484375e+01
1.134318065643310547e+01
1.132584953308105469e+01
1.137310409545898438e+01
1.139607334136962891e+01
1.133396148681640625e+01
1.137138557434082031e+01
1.135903358459472656e+01
1.137887382507324219e+01
1.134602832794189453e+01
1.132715797424316406e+01
1.135635948181152344e+01
1.136573600769042969e+01
1.133464622497558594e+01
1.136631870269775391e+01
1.141285228729248047e+01
1.138275718688964844e+01
1.138173484802246094e+01
1.137391376495361328e+01
1.137455940246582031e+01
1.136167716979980469e+01
1.134506797790527344e+01
1.138144779205322266e+01
1.134947681427001953e+01
1.137231922149658203e+01
1.137757587432861328e+01
1.139884471893310547e+01
1.136819648742675781e+01
1.136235332489013672e+01
1.135663795471191406e+01
1.133894920349121094e+01
1.135170459747314453e+01
1.140212154388427734e+01
1.136748790740966797e+01
1.131979560852050781e+01
1.133216381072998047e+01
1.132093048095703125e+01
1.133979701995849609e+01
1.135651016235351562e+01
1.138980674743652344e+01
1.133407402038574219e+01
1.136261463165283203e+01
1.136369132995605469e+01
1.134570121765136719e+01
1.134874057769775391e+01
1.133756446838378906e+01
1.131820869445800781e+01
1.138015556335449219e+01
1.136258316040039062e+01
1.138701820373535156e+01
1.141546154022216797e+01
1.136175727844238281e+01
1.136384010314941406e+01
1.137378120422363281e+01
1.132543468475341797e+01
1.133691883087158203e+01
1.134363651275634766e+01
1.138501930236816406e+01
1.133473396301269531e+01
1.133498954772949219e+01
1.138701534271240234e+01
1.134094429016113281e+01
1.136027812957763672e+01
1.139149570465087891e+01
1.133316230773925781e+01
1.138862705230712891e+01
1.138765716552734375e+01
1.135085296630859375e+01
1.136260795593261719e+01
1.137030887603759766e+01
1.134443473815917969e+01
1.136158084869384766e+01
1.139015674591064453e+01
1.134209728240966797e+01
1.133108520507812500e+01
1.133977699279785156e+01
1.135366058349609375e+01
1.137909889221191406e+01
1.140080356597900391e+01
1.136005592346191406e+01
1.140441894531250000e+01
1.136700248718261719e+01
1.137256336212158203e+01
1.134157943725585938e+01
1.136970424652099609e+01
1.138368320465087891e+01
1.140722846984863281e+01
1.134699821472167969e+01
1.131296825408935547e+01
1.129456043243408203e+01
1.132721328735351562e+01
1.131198883056640625e+01
1.129125785827636719e+01
1.133955860137939453e+01
1.131862163543701172e+01
1.133768653869628906e+01
1.130100536346435547e+01
1.134455966949462891e+01
1.131820869445800781e+01
1.132605743408203125e+01
1.126041984558105469e+01
1.132775020599365234e+01
1.132862091064453125e+01
1.135715961456298828e+01
1.133782100677490234e+01
1.128017330169677734e+01
1.128843879699707031e+01
1.131425571441650391e+01
1.129663467407226562e+01
1.125578784942626953e+01
1.128559303283691406e+01
1.132676792144775391e+01
1.130554389953613281e+01
1.133419609069824219e+01
1.137594604492187500e+01
1.129747486114501953e+01
1.137384223937988281e+01
1.133070278167724609e+01
1.133180713653564453e+01
1.132604598999023438e+01
1.127333831787109375e+01
1.133288383483886719e+01
1.132478046417236328e+01
1.129376029968261719e+01
1.130939102172851562e+01
1.132425689697265625e+01
1.130850982666015625e+01
1.130245590209960938e+01
1.134227275848388672e+01
1.132835483551025391e+01
1.128961944580078125e+01
1.131905746459960938e+01
1.135478496551513672e+01
1.137175941467285156e+01
1.139534187316894531e+01
1.136289215087890625e+01
1.133039951324462891e+01
1.132842445373535156e+01
1.131955337524414062e+01
1.132647514343261719e+01
1.134418773651123047e+01
1.127707958221435547e+01
1.123985385894775391e+01
1.125571537017822266e+01
1.132472419738769531e+01
1.129581260681152344e+01
1.130089569091796875e+01
